timestamp,side,fill_price,fill_qty,realized_pnl,position,pnl
2025-04-14 10:18:47,sell,1.52,2091,0.0,-2091,0.0
2025-04-14 10:41:54,sell,1.52,9700,0.0,-11791,0.0
2025-04-14 10:42:16,buy,1.52,2914,0.0,-8877,0.0
2025-04-14 10:42:16,buy,1.52,1991,0.0,-6886,0.0
2025-04-14 11:02:35,sell,1.53,9700,0.0,-16586,0.0
2025-04-14 11:02:35,buy,1.53,9700,-40.271433739297315,-6886,-40.271433739297315
2025-04-14 12:12:42,buy,1.53,743,-3.0847087905461756,-6143,-43.35614252984349
2025-04-14 12:12:50,buy,1.53,3129,-12.99065115157333,-3014,-56.34679368141682
2025-04-14 12:12:50,buy,1.53,5828,-12.513206318581659,2814,-68.85999999999848
2025-04-14 12:13:51,buy,1.53,6887,0.0,9701,-68.85999999999848
2025-04-14 12:53:16,sell,1.53,9700,0.0,1,-68.85999999999848
2025-04-14 13:18:51,sell,1.55,5254,0.020000000000000018,-5253,-68.83999999999848
2025-04-14 13:18:55,sell,1.55,4446,0.0,-9699,-68.83999999999848
2025-04-14 14:41:10,sell,1.53,6250,0.0,-15949,-68.83999999999848
2025-04-14 14:41:10,sell,1.53,3450,0.0,-19399,-68.83999999999848
2025-04-14 14:55:00,buy,1.53,19399,193.9800000000005,0,125.14000000000202
2025-04-15 10:30:21,sell,1.52,9700,0.0,-9700,125.14000000000202
2025-04-15 10:42:29,sell,1.53,2974,0.0,-12674,125.14000000000202
2025-04-15 10:51:23,sell,1.53,6726,0.0,-19400,125.14000000000202
2025-04-15 12:32:09,buy,1.53,9700,-48.50000000000112,-9700,76.6400000000009
2025-04-15 14:55:00,buy,1.53,9700,-48.50000000000112,0,28.139999999999773
2025-04-16 10:10:24,sell,1.53,8287,0.0,-8287,28.139999999999773
2025-04-16 10:22:49,sell,1.53,26,0.0,-8313,28.139999999999773
2025-04-16 11:43:24,sell,1.53,3300,0.0,-11613,28.139999999999773
2025-04-16 12:47:00,sell,1.53,1980,0.0,-13593,28.139999999999773
2025-04-16 13:29:07,sell,1.53,3096,0.0,-16689,28.139999999999773
2025-04-16 14:06:28,sell,1.53,500,0.0,-17189,28.139999999999773
2025-04-16 14:13:57,sell,1.53,6,0.0,-17195,28.139999999999773
2025-04-16 14:27:26,sell,1.53,1480,0.0,-18675,28.139999999999773
2025-04-16 14:55:00,buy,1.53,18675,4.14668299697496e-12,0,28.14000000000392
2025-04-17 10:35:19,buy,1.52,9700,0.0,9700,28.14000000000392
2025-04-17 12:09:29,buy,1.51,1868,0.0,11568,28.14000000000392
2025-04-17 14:30:54,buy,1.51,117,0.0,11685,28.14000000000392
2025-04-17 14:44:30,buy,1.51,7715,0.0,19400,28.14000000000392
2025-04-17 14:55:01,sell,1.52,19400,97.00000000000225,0,125.14000000000617
2025-04-18 11:52:59,sell,1.52,403,0.0,-403,125.14000000000617
2025-04-18 15:00:20,buy,1.53,403,-4.030000000000004,0,121.11000000000617
2025-04-21 10:18:02,buy,1.5,4300,0.0,4300,121.11000000000617
2025-04-21 10:18:02,buy,1.5,3500,0.0,7800,121.11000000000617
2025-04-21 12:49:55,sell,1.49,9700,-78.00000000000007,-1900,43.110000000006096
2025-04-21 13:59:24,sell,1.49,1577,0.0,-3477,43.110000000006096
2025-04-21 13:59:50,sell,1.49,7000,0.0,-10477,43.110000000006096
2025-04-21 14:00:28,sell,1.49,253,0.0,-10730,43.110000000006096
2025-04-21 14:04:08,sell,1.49,276,0.0,-11006,43.110000000006096
2025-04-21 14:07:49,sell,1.49,256,0.0,-11262,43.110000000006096
2025-04-21 14:11:16,sell,1.49,254,0.0,-11516,43.110000000006096
2025-04-21 14:14:09,sell,1.49,7884,0.0,-19400,43.110000000006096
2025-04-21 14:55:00,buy,1.48,19400,194.00000000000017,0,237.11000000000627
2025-04-23 10:00:00,sell,1.5,853,0.0,-853,237.11000000000627
2025-04-23 10:00:00,sell,1.5,1383,0.0,-2236,237.11000000000627
2025-04-23 10:00:00,sell,1.5,252,0.0,-2488,237.11000000000627
2025-04-23 10:15:53,sell,1.5,1348,0.0,-3836,237.11000000000627
2025-04-23 10:15:53,sell,1.5,2063,0.0,-5899,237.11000000000627
2025-04-23 10:15:53,sell,1.5,2017,0.0,-7916,237.11000000000627
2025-04-23 10:15:53,sell,1.5,2017,0.0,-9933,237.11000000000627
2025-04-23 10:15:53,sell,1.5,2017,0.0,-11950,237.11000000000627
2025-04-23 10:45:06,buy,1.5,9000,0.0,-2950,237.11000000000627
2025-04-23 10:46:54,buy,1.5,984,0.0,-1966,237.11000000000627
2025-04-23 10:46:54,buy,1.5,8716,0.0,6750,237.11000000000627
2025-04-23 11:26:08,sell,1.5,8294,0.0,-1544,237.11000000000627
2025-04-23 11:50:55,sell,1.5,9000,0.0,-10544,237.11000000000627
2025-04-23 12:03:19,sell,1.5,8606,0.0,-19150,237.11000000000627
2025-04-23 12:03:19,sell,1.5,250,0.0,-19400,237.11000000000627
2025-04-23 14:04:53,buy,1.49,9700,97.00000000000009,-9700,334.1100000000064
2025-04-23 14:55:00,buy,1.5,9700,0.0,0,334.1100000000064
2025-04-24 13:00:22,buy,1.49,901,0.0,901,334.1100000000064
2025-04-24 13:00:22,buy,1.49,150,0.0,1051,334.1100000000064
2025-04-24 14:55:00,sell,1.48,1051,-10.510000000000009,0,323.6000000000064
2025-04-25 10:00:00,sell,1.5,2573,0.0,-2573,323.6000000000064
2025-04-25 10:00:00,sell,1.5,2153,0.0,-4726,323.6000000000064
2025-04-25 12:10:01,buy,1.48,3574,71.48000000000006,-1152,395.08000000000646
2025-04-25 12:10:01,buy,1.48,1351,23.04000000000002,199,418.1200000000065
2025-04-25 14:25:36,sell,1.48,1612,0.0,-1413,418.1200000000065
2025-04-25 14:25:36,sell,1.48,72,0.0,-1485,418.1200000000065
2025-04-25 14:55:01,buy,1.48,1485,-3.297362383136715e-13,0,418.12000000000614
2025-04-28 10:00:00,sell,1.49,68,0.0,-68,418.12000000000614
2025-04-28 10:00:00,sell,1.49,66,0.0,-134,418.12000000000614
2025-04-28 10:00:00,sell,1.49,1,0.0,-135,418.12000000000614
2025-04-28 10:00:00,sell,1.49,49,0.0,-184,418.12000000000614
2025-04-28 11:30:06,buy,1.48,9700,1.8400000000000425,9516,419.9600000000062
2025-04-28 12:38:58,buy,1.47,9700,0.0,19216,419.9600000000062
2025-04-28 13:17:42,buy,1.46,184,0.0,19400,419.9600000000062
2025-04-28 13:36:50,sell,1.46,9700,-143.6599999999996,9700,276.30000000000655
2025-04-28 14:02:15,sell,1.45,6136,-152.23605773195857,3564,124.06394226804798
2025-04-28 14:02:15,sell,1.46,1572,-23.281806185566946,1992,100.78213608248103
2025-04-28 14:18:01,sell,1.45,8409,-49.42213608247417,-6417,51.36000000000686
2025-04-28 14:18:01,sell,1.45,1291,0.0,-7708,51.36000000000686
2025-04-28 14:33:29,sell,1.44,4556,0.0,-12264,51.36000000000686
2025-04-28 14:33:29,sell,1.45,4944,0.0,-17208,51.36000000000686
2025-04-28 14:39:44,buy,1.44,9700,71.31822408182187,-7508,122.67822408182873
2025-04-28 14:55:00,buy,1.45,7508,-19.878224081822893,0,102.80000000000584
2025-04-29 10:00:27,buy,1.45,5710,0.0,5710,102.80000000000584
2025-04-29 10:08:48,sell,1.46,3408,34.08000000000003,2302,136.88000000000585
2025-04-29 10:08:48,sell,1.47,5000,46.04000000000004,-2698,182.9200000000059
2025-04-29 10:08:48,sell,1.48,1292,0.0,-3990,182.9200000000059
2025-04-29 10:14:38,buy,1.45,2646,61.48800000000011,-1344,244.408000000006
2025-04-29 10:14:38,buy,1.45,536,12.45561904761907,-808,256.8636190476251
2025-04-29 10:16:34,sell,1.48,9700,0.0,-10508,256.8636190476251
2025-04-29 10:31:34,sell,1.48,2063,0.0,-12571,256.8636190476251
2025-04-29 10:31:34,sell,1.48,3342,0.0,-15913,256.8636190476251
2025-04-29 10:31:34,sell,1.48,1595,0.0,-17508,256.8636190476251
2025-04-29 10:46:11,sell,1.48,1339,0.0,-18847,256.8636190476251
2025-04-29 10:59:56,sell,1.48,553,0.0,-19400,256.8636190476251
2025-04-29 11:46:36,buy,1.45,2043,60.71463022091267,-17357,317.5782492685378
2025-04-29 12:05:40,buy,1.45,5957,177.03233099656228,-11400,494.61058026510005
2025-04-29 12:05:40,buy,1.45,1000,29.71837015218437,-10400,524.3289504172844
2025-04-29 13:55:58,sell,1.45,3207,0.0,-13607,524.3289504172844
2025-04-29 13:55:58,sell,1.45,5793,0.0,-19400,524.3289504172844
2025-04-29 14:34:43,buy,1.45,1693,26.972025100182226,-17707,551.3009755174667
2025-04-29 14:39:32,buy,1.45,3387,53.95998169776562,-14320,605.2609572152323
2025-04-29 14:44:06,buy,1.45,3604,57.41711663381969,-10716,662.678073849052
2025-04-29 14:55:00,buy,1.45,10716,170.72192615094667,0,833.3999999999987
2025-04-30 10:19:03,sell,1.47,689,0.0,-689,833.3999999999987
2025-04-30 10:19:03,sell,1.47,9011,0.0,-9700,833.3999999999987
2025-04-30 11:07:18,sell,1.45,2108,0.0,-11808,833.3999999999987
2025-04-30 12:35:52,buy,1.44,9700,256.3665311653104,-2108,1089.766531165309
2025-04-30 12:36:50,sell,1.45,390,0.0,-2498,1089.766531165309
2025-04-30 12:36:50,sell,1.46,5000,0.0,-7498,1089.766531165309
2025-04-30 14:55:01,buy,1.44,7498,159.61346883468718,0,1249.3799999999962
2025-05-01 10:08:20,sell,1.46,9700,0.0,-9700,1249.3799999999962
2025-05-01 12:27:48,buy,1.46,1867,0.0,-7833,1249.3799999999962
2025-05-01 13:25:13,sell,1.47,9700,0.0,-17533,1249.3799999999962
2025-05-01 13:38:12,buy,1.47,4000,-17.87030171676207,-13533,1231.5096982832342
2025-05-01 13:41:12,sell,1.47,3221,0.0,-16754,1231.5096982832342
2025-05-01 14:28:08,sell,1.47,2646,0.0,-19400,1231.5096982832342
2025-05-01 14:33:08,buy,1.47,9700,-30.22984914161826,-9700,1201.279849141616
2025-05-01 14:55:00,buy,1.48,9700,-127.22984914161835,0,1074.0499999999977
2025-05-02 11:34:56,sell,1.48,962,0.0,-962,1074.0499999999977
2025-05-02 12:02:04,sell,1.48,3989,0.0,-4951,1074.0499999999977
2025-05-02 12:40:21,sell,1.48,1500,0.0,-6451,1074.0499999999977
2025-05-02 13:37:03,sell,1.48,1786,0.0,-8237,1074.0499999999977
2025-05-02 14:05:12,sell,1.48,2748,0.0,-10985,1074.0499999999977
2025-05-02 14:05:12,sell,1.48,2045,0.0,-13030,1074.0499999999977
2025-05-02 14:05:12,sell,1.48,4907,0.0,-17937,1074.0499999999977
2025-05-02 14:11:26,buy,1.48,9700,2.1538326677728037e-12,-8237,1074.0499999999997
2025-05-02 14:16:08,buy,1.48,9700,1.828981410767483e-12,1463,1074.0500000000015
2025-05-02 14:16:24,sell,1.48,5192,0.0,-3729,1074.0500000000015
2025-05-02 14:16:50,buy,1.48,9700,0.0,5971,1074.0500000000015
2025-05-02 14:20:08,buy,1.49,4000,0.0,9971,1074.0500000000015
2025-05-02 14:55:00,sell,1.49,9971,59.70999999999996,0,1133.7600000000016
2025-05-05 11:01:12,sell,1.48,103,0.0,-103,1133.7600000000016
2025-05-05 11:27:37,buy,1.48,8011,0.0,7908,1133.7600000000016
2025-05-05 11:27:37,buy,1.48,1689,0.0,9597,1133.7600000000016
2025-05-05 14:39:36,sell,1.48,696,0.0,8901,1133.7600000000016
2025-05-05 14:55:01,sell,1.49,8901,89.01000000000008,0,1222.7700000000016
2025-05-06 10:52:26,sell,1.49,1000,0.0,-1000,1222.7700000000016
2025-05-06 10:52:26,sell,1.49,195,0.0,-1195,1222.7700000000016
2025-05-06 10:52:26,sell,1.49,1233,0.0,-2428,1222.7700000000016
2025-05-06 10:52:26,sell,1.49,2315,0.0,-4743,1222.7700000000016
2025-05-06 11:04:04,sell,1.49,491,0.0,-5234,1222.7700000000016
2025-05-06 11:09:08,sell,1.49,3489,0.0,-8723,1222.7700000000016
2025-05-06 11:11:47,sell,1.49,3705,0.0,-12428,1222.7700000000016
2025-05-06 11:11:47,sell,1.49,3379,0.0,-15807,1222.7700000000016
2025-05-06 11:11:47,sell,1.49,1000,0.0,-16807,1222.7700000000016
2025-05-06 11:11:47,sell,1.5,1238,0.0,-18045,1222.7700000000016
2025-05-06 11:11:47,sell,1.5,378,0.0,-18423,1222.7700000000016
2025-05-06 11:33:03,sell,1.5,977,0.0,-19400,1222.7700000000016
2025-05-06 13:46:54,buy,1.49,2808,3.7531670103092925,-16592,1226.5231670103108
2025-05-06 14:30:39,buy,1.49,918,1.2269969072164995,-15674,1227.7501639175273
2025-05-06 14:30:39,buy,1.49,390,0.5212731958762906,-15284,1228.2714371134036
2025-05-06 14:30:39,buy,1.49,709,0.9476479381443335,-14575,1229.219085051548
2025-05-06 14:55:00,buy,1.5,14575,-126.26908505154645,0,1102.9500000000016
2025-05-07 10:58:02,buy,1.49,34,0.0,34,1102.9500000000016
2025-05-07 12:32:31,buy,1.49,2017,0.0,2051,1102.9500000000016
2025-05-07 12:50:16,buy,1.49,2063,0.0,4114,1102.9500000000016
2025-05-07 13:07:45,buy,1.49,84,0.0,4198,1102.9500000000016
2025-05-07 13:18:24,buy,1.49,2017,0.0,6215,1102.9500000000016
2025-05-07 14:44:14,buy,1.49,307,0.0,6522,1102.9500000000016
2025-05-07 14:55:00,sell,1.5,6522,65.2200000000015,0,1168.1700000000033
2025-05-08 13:38:20,sell,1.5,9700,0.0,-9700,1168.1700000000033
2025-05-08 14:55:00,buy,1.5,9700,0.0,0,1168.1700000000033
2025-05-12 11:39:41,buy,1.49,1319,0.0,1319,1168.1700000000033
2025-05-12 12:05:45,buy,1.49,2017,0.0,3336,1168.1700000000033
2025-05-12 12:23:59,buy,1.49,712,0.0,4048,1168.1700000000033
2025-05-12 12:23:59,buy,1.49,1305,0.0,5353,1168.1700000000033
2025-05-12 12:28:00,buy,1.49,2051,0.0,7404,1168.1700000000033
2025-05-12 12:28:00,buy,1.49,103,0.0,7507,1168.1700000000033
2025-05-12 12:42:33,buy,1.49,800,0.0,8307,1168.1700000000033
2025-05-12 13:16:53,buy,1.49,2017,0.0,10324,1168.1700000000033
2025-05-12 13:32:52,buy,1.49,1199,0.0,11523,1168.1700000000033
2025-05-12 13:32:52,buy,1.49,1938,0.0,13461,1168.1700000000033
2025-05-12 14:06:03,sell,1.5,9700,97.00000000000225,3761,1265.1700000000055
2025-05-12 14:07:26,buy,1.49,1422,0.0,5183,1265.1700000000055
2025-05-12 14:07:26,buy,1.49,4169,0.0,9352,1265.1700000000055
2025-05-12 14:07:26,buy,1.49,565,0.0,9917,1265.1700000000055
2025-05-12 14:55:00,sell,1.5,9917,99.17000000000009,0,1364.3400000000056
2025-05-13 10:24:43,sell,1.51,8775,0.0,-8775,1364.3400000000056
2025-05-13 10:34:48,buy,1.5,9700,87.75000000000007,925,1452.0900000000056
2025-05-13 12:09:07,buy,1.49,1400,0.0,2325,1452.0900000000056
2025-05-13 12:09:07,buy,1.49,3356,0.0,5681,1452.0900000000056
2025-05-13 12:09:07,buy,1.49,4000,0.0,9681,1452.0900000000056
2025-05-13 13:07:43,sell,1.48,1980,-21.69185001549417,7701,1430.3981499845115
2025-05-13 13:07:43,sell,1.48,3249,-35.59435388906088,4452,1394.8037960954507
2025-05-13 13:34:58,sell,1.48,9229,-48.77379609544446,-4777,1346.0300000000063
2025-05-13 14:22:18,sell,1.48,1342,0.0,-6119,1346.0300000000063
2025-05-13 14:27:00,buy,1.47,454,4.540000000000105,-5665,1350.5700000000065
2025-05-13 14:28:39,sell,1.48,2354,0.0,-8019,1350.5700000000065
2025-05-13 14:31:56,buy,1.47,9700,80.19000000000185,1681,1430.7600000000084
2025-05-13 14:41:54,buy,1.47,250,0.0,1931,1430.7600000000084
2025-05-13 14:41:54,buy,1.47,7851,0.0,9782,1430.7600000000084
2025-05-13 14:43:17,buy,1.47,8750,0.0,18532,1430.7600000000084
2025-05-13 14:43:17,buy,1.47,868,0.0,19400,1430.7600000000084
2025-05-13 14:55:00,sell,1.5,19400,582.0000000000006,0,2012.7600000000089
2025-05-14 10:00:00,sell,1.5,300,0.0,-300,2012.7600000000089
2025-05-14 10:00:00,sell,1.5,2017,0.0,-2317,2012.7600000000089
2025-05-14 10:00:00,sell,1.5,1183,0.0,-3500,2012.7600000000089
2025-05-14 10:00:00,sell,1.5,666,0.0,-4166,2012.7600000000089
2025-05-14 10:00:00,sell,1.5,4151,0.0,-8317,2012.7600000000089
2025-05-14 10:00:00,sell,1.5,1383,0.0,-9700,2012.7600000000089
2025-05-14 10:58:21,sell,1.5,5000,0.0,-14700,2012.7600000000089
2025-05-14 10:58:21,sell,1.5,4700,0.0,-19400,2012.7600000000089
2025-05-14 10:58:24,buy,1.49,9700,97.00000000000009,-9700,2109.760000000009
2025-05-14 12:57:11,sell,1.5,9700,0.0,-19400,2109.760000000009
2025-05-14 13:50:16,buy,1.49,1000,10.000000000000009,-18400,2119.760000000009
2025-05-14 13:50:16,buy,1.49,2037,20.37000000000002,-16363,2140.1300000000087
2025-05-14 13:50:16,buy,1.49,546,5.460000000000004,-15817,2145.590000000009
2025-05-14 13:50:16,buy,1.49,6117,61.17000000000005,-9700,2206.760000000009
2025-05-14 13:56:58,sell,1.49,242,0.0,-9942,2206.760000000009
2025-05-14 14:08:38,sell,1.49,1775,0.0,-11717,2206.760000000009
2025-05-14 14:08:38,sell,1.5,4225,0.0,-15942,2206.760000000009
2025-05-14 14:31:44,sell,1.48,3458,0.0,-19400,2206.760000000009
2025-05-14 14:55:00,buy,1.5,19400,-89.32999999999866,0,2117.4300000000103
2025-05-15 12:43:15,sell,1.47,9700,0.0,-9700,2117.4300000000103
2025-05-15 12:51:20,sell,1.48,9700,0.0,-19400,2117.4300000000103
2025-05-15 14:55:00,buy,1.48,19400,-96.99999999999793,0,2020.4300000000123
2025-05-16 11:34:57,sell,1.48,1681,0.0,-1681,2020.4300000000123
2025-05-16 11:43:36,buy,1.48,1253,0.0,-428,2020.4300000000123
2025-05-16 11:50:25,buy,1.48,9700,0.0,9272,2020.4300000000123
2025-05-16 14:36:29,buy,1.48,2743,0.0,12015,2020.4300000000123
2025-05-16 14:44:40,sell,1.48,852,0.0,11163,2020.4300000000123
2025-05-16 14:44:40,sell,1.49,2313,23.13000000000002,8850,2043.5600000000125
2025-05-16 14:44:40,sell,1.49,4792,47.920000000000044,4058,2091.4800000000123
2025-05-16 14:55:00,sell,1.49,4058,40.580000000000034,0,2132.060000000012
2025-05-19 11:11:57,buy,1.48,1051,0.0,1051,2132.060000000012
2025-05-19 13:39:02,sell,1.48,9700,0.0,-8649,2132.060000000012
2025-05-19 13:39:07,buy,1.48,2185,0.0,-6464,2132.060000000012
2025-05-19 14:16:47,sell,1.47,2025,0.0,-8489,2132.060000000012
2025-05-19 14:23:53,sell,1.47,3850,0.0,-12339,2132.060000000012
2025-05-19 14:25:09,sell,1.47,5739,0.0,-18078,2132.060000000012
2025-05-19 14:27:32,sell,1.47,1322,0.0,-19400,2132.060000000012
2025-05-19 14:55:00,buy,1.47,19400,64.64000000000456,0,2196.7000000000166
2025-05-20 10:18:37,sell,1.49,1602,0.0,-1602,2196.7000000000166
2025-05-20 10:23:53,sell,1.49,1000,0.0,-2602,2196.7000000000166
2025-05-20 10:29:06,buy,1.48,4000,26.020000000000024,1398,2222.7200000000166
2025-05-20 12:59:39,sell,1.47,4328,-13.980000000000013,-2930,2208.7400000000166
2025-05-20 12:59:39,sell,1.47,3294,0.0,-6224,2208.7400000000166
2025-05-20 12:59:45,sell,1.47,1776,0.0,-8000,2208.7400000000166
2025-05-20 13:15:05,sell,1.47,2017,0.0,-10017,2208.7400000000166
2025-05-20 13:15:05,sell,1.47,2017,0.0,-12034,2208.7400000000166
2025-05-20 13:15:05,sell,1.47,1820,0.0,-13854,2208.7400000000166
2025-05-20 13:15:48,sell,1.47,5546,0.0,-19400,2208.7400000000166
2025-05-20 14:55:00,buy,1.47,19400,0.0,0,2208.7400000000166
2025-05-21 11:55:28,buy,1.48,4000,0.0,4000,2208.7400000000166
2025-05-21 11:55:28,buy,1.48,2144,0.0,6144,2208.7400000000166
2025-05-21 11:55:28,buy,1.48,942,0.0,7086,2208.7400000000166
2025-05-21 11:55:28,buy,1.48,2614,0.0,9700,2208.7400000000166
2025-05-21 12:54:22,buy,1.48,1165,0.0,10865,2208.7400000000166
2025-05-21 13:06:29,buy,1.48,8535,0.0,19400,2208.7400000000166
2025-05-21 14:29:05,sell,1.49,998,9.98000000000001,18402,2218.7200000000166
2025-05-21 14:38:37,sell,1.49,2220,22.20000000000002,16182,2240.9200000000164
2025-05-21 14:44:45,sell,1.49,6366,63.66000000000005,9816,2304.5800000000163
2025-05-21 14:55:00,sell,1.49,9816,98.16000000000008,0,2402.740000000016
2025-05-22 10:00:00,sell,1.49,327,0.0,-327,2402.740000000016
2025-05-22 13:43:48,sell,1.48,4353,0.0,-4680,2402.740000000016
2025-05-22 13:43:59,sell,1.48,2513,0.0,-7193,2402.740000000016
2025-05-22 13:44:05,sell,1.48,248,0.0,-7441,2402.740000000016
2025-05-22 13:49:06,sell,1.48,3477,0.0,-10918,2402.740000000016
2025-05-22 13:49:06,sell,1.48,3934,0.0,-14852,2402.740000000016
2025-05-22 14:55:00,buy,1.5,14852,-293.7700000000018,0,2108.9700000000144
2025-05-23 10:02:58,buy,1.47,2058,0.0,2058,2108.9700000000144
2025-05-23 11:49:33,buy,1.49,163,0.0,2221,2108.9700000000144
2025-05-23 11:49:33,buy,1.49,2463,0.0,4684,2108.9700000000144
2025-05-23 11:49:33,buy,1.49,3537,0.0,8221,2108.9700000000144
2025-05-23 11:55:06,buy,1.49,2017,0.0,10238,2108.9700000000144
2025-05-23 11:55:08,buy,1.49,250,0.0,10488,2108.9700000000144
2025-05-23 12:30:37,buy,1.49,2017,0.0,12505,2108.9700000000144
2025-05-23 12:53:58,buy,1.49,5000,0.0,17505,2108.9700000000144
2025-05-23 12:53:58,buy,1.49,1895,0.0,19400,2108.9700000000144
2025-05-23 13:40:29,sell,1.5,3148,38.15895257731926,16252,2147.1289525773336
2025-05-23 14:05:28,sell,1.5,188,2.278870103092764,16064,2149.4078226804263
2025-05-23 14:05:28,sell,1.5,1226,14.86114226804111,14838,2164.2689649484673
2025-05-23 14:05:53,sell,1.5,5854,70.96013608247362,8984,2235.229101030941
2025-05-23 14:14:15,sell,1.5,1118,13.552004123711225,7866,2248.7811051546523
2025-05-23 14:21:34,sell,1.5,9700,95.34889484536001,-1834,2344.1300000000124
2025-05-23 14:55:00,buy,1.5,1834,0.0,0,2344.1300000000124
2025-05-26 10:24:09,buy,1.49,425,0.0,425,2344.1300000000124
2025-05-26 10:45:43,buy,1.49,107,0.0,532,2344.1300000000124
2025-05-26 10:48:01,buy,1.49,5700,0.0,6232,2344.1300000000124
2025-05-26 11:16:06,buy,1.49,2882,0.0,9114,2344.1300000000124
2025-05-26 11:26:59,buy,1.49,2017,0.0,11131,2344.1300000000124
2025-05-26 11:54:46,buy,1.49,8269,0.0,19400,2344.1300000000124
2025-05-26 13:13:43,sell,1.49,9700,0.0,9700,2344.1300000000124
2025-05-26 14:02:59,sell,1.49,2160,0.0,7540,2344.1300000000124
2025-05-26 14:43:18,sell,1.5,9700,75.40000000000006,-2160,2419.5300000000125
2025-05-26 14:55:00,buy,1.51,2160,-21.60000000000002,0,2397.9300000000126
2025-05-27 10:28:12,sell,1.51,162,0.0,-162,2397.9300000000126
2025-05-27 10:30:33,sell,1.51,660,0.0,-822,2397.9300000000126
2025-05-27 10:51:28,sell,1.51,350,0.0,-1172,2397.9300000000126
2025-05-27 11:03:56,sell,1.51,990,0.0,-2162,2397.9300000000126
2025-05-27 11:03:56,sell,1.51,1027,0.0,-3189,2397.9300000000126
2025-05-27 11:11:13,sell,1.51,3500,0.0,-6689,2397.9300000000126
2025-05-27 11:14:06,buy,1.5,4000,40.000000000000036,-2689,2437.9300000000126
2025-05-27 11:14:06,buy,1.5,5700,26.890000000000025,3011,2464.8200000000124
2025-05-27 11:22:05,buy,1.5,4000,0.0,7011,2464.8200000000124
2025-05-27 11:22:05,buy,1.5,5700,0.0,12711,2464.8200000000124
2025-05-27 11:22:05,sell,1.51,8119,81.19000000000007,4592,2546.0100000000125
2025-05-27 11:23:50,sell,1.5,9700,0.0,-5108,2546.0100000000125
2025-05-27 11:46:40,buy,1.5,4000,0.0,-1108,2546.0100000000125
2025-05-27 11:46:40,buy,1.5,5700,0.0,4592,2546.0100000000125
2025-05-27 12:41:39,sell,1.49,9700,-45.920000000000044,-5108,2500.0900000000124
2025-05-27 13:16:15,buy,1.49,3500,0.0,-1608,2500.0900000000124
2025-05-27 13:16:15,buy,1.49,2424,0.0,816,2500.0900000000124
2025-05-27 13:16:15,buy,1.49,3776,0.0,4592,2500.0900000000124
2025-05-27 13:57:44,sell,1.5,9700,45.920000000000044,-5108,2546.0100000000125
2025-05-27 14:04:53,sell,1.5,1400,0.0,-6508,2546.0100000000125
2025-05-27 14:04:53,sell,1.5,6666,0.0,-13174,2546.0100000000125
2025-05-27 14:04:53,sell,1.5,1634,0.0,-14808,2546.0100000000125
2025-05-27 14:10:50,sell,1.5,4592,0.0,-19400,2546.0100000000125
2025-05-27 14:44:20,buy,1.49,5195,51.950000000000045,-14205,2597.9600000000128
2025-05-27 14:44:20,buy,1.49,2806,28.060000000000024,-11399,2626.0200000000127
2025-05-27 14:44:20,buy,1.49,1628,16.280000000000015,-9771,2642.300000000013
2025-05-27 14:55:01,buy,1.51,9771,-97.7100000000001,0,2544.590000000013
2025-05-28 12:21:08,buy,1.5,454,0.0,454,2544.590000000013
2025-05-28 12:37:03,buy,1.5,1577,0.0,2031,2544.590000000013
2025-05-28 12:37:03,buy,1.5,440,0.0,2471,2544.590000000013
2025-05-28 12:39:24,buy,1.5,2448,0.0,4919,2544.590000000013
2025-05-28 12:39:24,buy,1.5,7252,0.0,12171,2544.590000000013
2025-05-28 14:01:01,buy,1.5,7229,0.0,19400,2544.590000000013
2025-05-28 14:55:00,sell,1.51,19400,194.00000000000017,0,2738.590000000013
2025-05-29 10:29:22,sell,1.5,1207,0.0,-1207,2738.590000000013
2025-05-29 10:50:06,sell,1.5,5102,0.0,-6309,2738.590000000013
2025-05-29 10:50:06,sell,1.5,4598,0.0,-10907,2738.590000000013
2025-05-29 10:52:07,buy,1.5,9700,0.0,-1207,2738.590000000013
2025-05-29 11:12:39,sell,1.5,9678,0.0,-10885,2738.590000000013
2025-05-29 11:12:39,sell,1.5,22,0.0,-10907,2738.590000000013
2025-05-29 11:47:31,sell,1.5,3728,0.0,-14635,2738.590000000013
2025-05-29 11:47:44,sell,1.5,4094,0.0,-18729,2738.590000000013
2025-05-29 11:48:22,sell,1.5,671,0.0,-19400,2738.590000000013
2025-05-29 12:05:57,buy,1.5,9700,0.0,-9700,2738.590000000013
2025-05-29 12:06:02,sell,1.5,9700,0.0,-19400,2738.590000000013
2025-05-29 14:55:00,buy,1.5,19400,0.0,0,2738.590000000013
2025-05-30 10:43:51,buy,1.5,1406,0.0,1406,2738.590000000013
2025-05-30 10:43:51,buy,1.5,1180,0.0,2586,2738.590000000013
2025-05-30 11:54:06,sell,1.5,9700,0.0,-7114,2738.590000000013
2025-05-30 14:36:40,buy,1.49,297,2.9700000000000024,-6817,2741.5600000000127
2025-05-30 14:36:49,buy,1.49,1928,19.280000000000015,-4889,2760.840000000013
2025-05-30 14:43:21,sell,1.5,177,0.0,-5066,2760.840000000013
2025-05-30 14:55:01,buy,1.5,5066,0.0,0,2760.840000000013
2025-06-02 10:00:00,buy,1.49,300,0.0,300,2760.840000000013
2025-06-02 10:00:00,buy,1.49,700,0.0,1000,2760.840000000013
2025-06-02 10:00:00,buy,1.49,446,0.0,1446,2760.840000000013
2025-06-02 10:00:00,buy,1.49,2017,0.0,3463,2760.840000000013
2025-06-02 10:00:00,buy,1.49,1000,0.0,4463,2760.840000000013
2025-06-02 10:24:03,sell,1.5,496,4.960000000000004,3967,2765.800000000013
2025-06-02 11:00:53,sell,1.5,151,1.5100000000000013,3816,2767.310000000013
2025-06-02 12:59:19,buy,1.49,80,0.0,3896,2767.310000000013
2025-06-02 14:40:04,buy,1.49,5480,0.0,9376,2767.310000000013
2025-06-02 14:40:06,buy,1.49,4220,0.0,13596,2767.310000000013
2025-06-02 14:55:00,sell,1.49,13596,0.0,0,2767.310000000013
2025-06-03 11:04:11,sell,1.5,9700,0.0,-9700,2767.310000000013
2025-06-03 11:04:12,buy,1.49,9700,97.00000000000009,0,2864.310000000013
2025-06-03 11:39:54,sell,1.49,4870,0.0,-4870,2864.310000000013
2025-06-03 13:27:35,sell,1.49,5937,0.0,-10807,2864.310000000013
2025-06-03 14:39:07,buy,1.49,1614,0.0,-9193,2864.310000000013
2025-06-03 14:39:11,buy,1.49,8086,0.0,-1107,2864.310000000013
2025-06-03 14:55:00,buy,1.5,1107,-11.07000000000001,0,2853.240000000013
2025-06-04 10:15:39,sell,1.5,45,0.0,-45,2853.240000000013
2025-06-04 10:57:04,sell,1.5,9700,0.0,-9745,2853.240000000013
2025-06-04 11:06:03,sell,1.5,9655,0.0,-19400,2853.240000000013
2025-06-04 11:19:09,buy,1.51,1438,-14.380000000000013,-17962,2838.860000000013
2025-06-04 11:33:46,buy,1.51,9700,-97.00000000000009,-8262,2741.860000000013
2025-06-04 13:19:33,sell,1.51,9700,0.0,-17962,2741.860000000013
2025-06-04 14:25:27,buy,1.51,1739,-7.998896559403019,-16223,2733.86110344061
2025-06-04 14:25:27,buy,1.51,7961,-36.61829529005603,-8262,2697.242808150554
2025-06-04 14:25:58,buy,1.51,5430,-24.976428014697177,-2832,2672.2663801358567
2025-06-04 14:34:25,sell,1.51,9700,0.0,-12532,2672.2663801358567
2025-06-04 14:44:27,sell,1.52,2407,0.0,-14939,2672.2663801358567
2025-06-04 14:44:27,sell,1.52,171,0.0,-15110,2672.2663801358567
2025-06-04 14:44:27,sell,1.52,4290,0.0,-19400,2672.2663801358567
2025-06-04 14:55:00,buy,1.52,19400,-138.3463801358455,0,2533.920000000011
2025-06-09 11:07:35,buy,1.5,8366,0.0,8366,2533.920000000011
2025-06-09 12:15:56,buy,1.5,9700,0.0,18066,2533.920000000011
2025-06-09 12:25:31,buy,1.5,1334,0.0,19400,2533.920000000011
2025-06-09 13:07:16,sell,1.5,9700,0.0,9700,2533.920000000011
2025-06-09 13:07:16,buy,1.5,9700,0.0,19400,2533.920000000011
2025-06-09 14:55:01,sell,1.5,19400,0.0,0,2533.920000000011
2025-06-10 10:16:30,buy,1.49,2008,0.0,2008,2533.920000000011
2025-06-10 10:31:13,buy,1.49,2017,0.0,4025,2533.920000000011
2025-06-10 10:33:46,sell,1.5,561,5.610000000000005,3464,2539.530000000011
2025-06-10 10:36:41,sell,1.5,1000,10.000000000000009,2464,2549.530000000011
2025-06-10 10:49:42,buy,1.49,2063,0.0,4527,2549.530000000011
2025-06-10 10:59:19,buy,1.49,9700,0.0,14227,2549.530000000011
2025-06-10 11:05:16,sell,1.5,5580,55.80000000000005,8647,2605.3300000000113
2025-06-10 11:07:56,sell,1.5,9700,86.47000000000007,-1053,2691.8000000000116
2025-06-10 13:16:58,sell,1.5,2017,0.0,-3070,2691.8000000000116
2025-06-10 13:16:58,sell,1.5,7683,0.0,-10753,2691.8000000000116
2025-06-10 14:55:00,buy,1.5,10753,0.0,0,2691.8000000000116
2025-06-11 10:02:51,sell,1.5,9700,0.0,-9700,2691.8000000000116
2025-06-11 14:22:29,buy,1.49,9700,97.00000000000009,0,2788.8000000000116
2025-06-11 14:22:29,sell,1.5,9700,0.0,-9700,2788.8000000000116
2025-06-11 14:55:01,buy,1.51,9700,-97.00000000000009,0,2691.8000000000116
2025-06-12 10:13:04,buy,1.49,360,0.0,360,2691.8000000000116
2025-06-12 10:13:04,buy,1.49,890,0.0,1250,2691.8000000000116
2025-06-12 10:26:30,buy,1.49,1000,0.0,2250,2691.8000000000116
2025-06-12 10:27:39,buy,1.49,2017,0.0,4267,2691.8000000000116
2025-06-12 10:30:57,buy,1.49,9700,0.0,13967,2691.8000000000116
2025-06-12 13:00:39,buy,1.49,1000,0.0,14967,2691.8000000000116
2025-06-12 13:00:39,buy,1.49,4433,0.0,19400,2691.8000000000116
2025-06-12 13:59:38,sell,1.49,9700,0.0,9700,2691.8000000000116
2025-06-12 14:55:00,sell,1.5,9700,97.00000000000009,0,2788.8000000000116
2025-06-13 10:41:38,sell,1.47,107,0.0,-107,2788.8000000000116
2025-06-13 11:25:29,sell,1.47,9700,0.0,-9807,2788.8000000000116
2025-06-13 14:55:00,buy,1.49,9807,-196.139999999998,0,2592.6600000000135
2025-06-16 10:06:41,buy,1.49,5474,0.0,5474,2592.6600000000135
2025-06-16 13:35:32,buy,1.48,2617,0.0,8091,2592.6600000000135
2025-06-16 13:36:00,sell,1.49,578,1.8695167470028875,7513,2594.5295167470163
2025-06-16 13:36:00,sell,1.49,2017,6.523901866271322,5496,2601.0534186132877
2025-06-16 13:36:00,sell,1.49,7105,17.77658138672642,-1609,2618.830000000014
2025-06-16 13:36:00,buy,1.48,1730,16.090000000000014,121,2634.920000000014
2025-06-16 13:36:00,buy,1.48,5353,0.0,5474,2634.920000000014
2025-06-16 14:05:57,buy,1.48,844,0.0,6318,2634.920000000014
2025-06-16 14:13:45,buy,1.48,7782,0.0,14100,2634.920000000014
2025-06-16 14:26:22,buy,1.48,648,0.0,14748,2634.920000000014
2025-06-16 14:27:31,buy,1.48,1228,0.0,15976,2634.920000000014
2025-06-16 14:29:49,buy,1.48,292,0.0,16268,2634.920000000014
2025-06-16 14:43:18,buy,1.48,1085,0.0,17353,2634.920000000014
2025-06-16 14:44:44,buy,1.48,137,0.0,17490,2634.920000000014
2025-06-16 14:55:00,sell,1.49,17490,174.90000000000404,0,2809.8200000000184
2025-06-17 10:00:00,buy,1.48,1910,0.0,1910,2809.8200000000184
2025-06-17 11:27:41,buy,1.48,9700,0.0,11610,2809.8200000000184
2025-06-17 12:40:37,sell,1.48,8949,0.0,2661,2809.8200000000184
2025-06-17 13:28:48,buy,1.47,9700,0.0,12361,2809.8200000000184
2025-06-17 14:40:41,sell,1.47,499,-1.0742164873392148,11862,2808.7457835126793
2025-06-17 14:55:00,sell,1.48,11862,93.08421648733925,0,2901.8300000000186
2025-06-18 13:35:38,buy,1.46,2583,0.0,2583,2901.8300000000186
2025-06-18 13:35:38,buy,1.46,7117,0.0,9700,2901.8300000000186
2025-06-18 15:00:20,sell,1.47,9700,97.00000000000009,0,2998.8300000000186
2025-06-19 10:53:27,buy,1.46,9700,0.0,9700,2998.8300000000186
2025-06-19 11:18:20,buy,1.45,5263,0.0,14963,2998.8300000000186
2025-06-19 13:15:17,sell,1.46,7714,27.132782196084587,7249,3025.962782196103
2025-06-19 14:55:00,sell,1.48,7249,170.4772178039173,0,3196.4400000000205
2025-06-20 10:27:44,buy,1.49,9700,0.0,9700,3196.4400000000205
2025-06-20 14:55:00,sell,1.48,9700,-97.00000000000009,0,3099.4400000000205
2025-06-23 14:20:30,sell,1.49,2871,0.0,-2871,3099.4400000000205
2025-06-23 14:55:00,buy,1.49,2871,0.0,0,3099.4400000000205
2025-06-24 10:00:00,sell,1.49,2017,0.0,-2017,3099.4400000000205
2025-06-24 10:00:00,sell,1.49,1339,0.0,-3356,3099.4400000000205
2025-06-24 10:00:00,sell,1.49,239,0.0,-3595,3099.4400000000205
2025-06-24 10:00:00,sell,1.49,6105,0.0,-9700,3099.4400000000205
2025-06-24 10:21:47,buy,1.49,2944,0.0,-6756,3099.4400000000205
2025-06-24 10:21:58,buy,1.49,100,0.0,-6656,3099.4400000000205
2025-06-24 10:24:12,buy,1.49,200,0.0,-6456,3099.4400000000205
2025-06-24 10:31:11,buy,1.49,9700,0.0,3244,3099.4400000000205
2025-06-24 11:28:27,buy,1.48,9700,0.0,12944,3099.4400000000205
2025-06-24 11:30:00,buy,1.48,6456,0.0,19400,3099.4400000000205
2025-06-24 11:30:55,sell,1.48,3449,-5.767296907216744,15951,3093.6727030928037
2025-06-24 11:34:08,sell,1.48,6269,-10.482802061856123,9682,3083.1899010309476
2025-06-24 11:35:09,sell,1.48,9700,-16.189901030928535,-18,3067.000000000019
2025-06-24 11:43:55,buy,1.48,9700,0.0,9682,3067.000000000019
2025-06-24 12:51:45,buy,1.48,523,0.0,10205,3067.000000000019
2025-06-24 13:05:28,buy,1.48,9195,0.0,19400,3067.000000000019
2025-06-24 15:00:20,sell,1.47,19400,-194.00000000000017,0,2873.000000000019
2025-06-25 10:36:55,buy,1.47,3446,0.0,3446,2873.000000000019
2025-06-25 11:14:20,buy,1.47,9700,0.0,13146,2873.000000000019
2025-06-25 11:49:40,buy,1.46,6254,0.0,19400,2873.000000000019
2025-06-25 11:52:40,sell,1.46,9700,-65.72999999999927,9700,2807.27000000002
2025-06-25 12:25:32,sell,1.47,7852,25.31258144329963,1848,2832.5825814433197
2025-06-25 12:35:45,sell,1.47,2000,5.957418556701187,-152,2838.540000000021
2025-06-25 13:32:38,sell,1.47,2000,0.0,-2152,2838.540000000021
2025-06-25 13:43:50,sell,1.47,3500,0.0,-5652,2838.540000000021
2025-06-25 13:49:19,sell,1.47,9700,0.0,-15352,2838.540000000021
2025-06-25 13:55:12,buy,1.46,4031,40.31000000000093,-11321,2878.8500000000217
2025-06-25 14:03:52,buy,1.46,5000,50.00000000000115,-6321,2928.850000000023
2025-06-25 14:03:52,buy,1.46,100,1.000000000000023,-6221,2929.850000000023
2025-06-25 14:03:52,buy,1.46,1170,11.70000000000027,-5051,2941.5500000000234
2025-06-25 14:07:03,buy,1.46,9700,50.51000000000116,4649,2992.0600000000245
2025-06-25 14:36:42,sell,1.46,8048,0.0,-3399,2992.0600000000245
2025-06-25 14:41:51,sell,1.46,3915,0.0,-7314,2992.0600000000245
2025-06-25 14:41:51,sell,1.46,4667,0.0,-11981,2992.0600000000245
2025-06-25 14:41:51,sell,1.46,1118,0.0,-13099,2992.0600000000245
2025-06-25 14:55:00,buy,1.46,13099,-2.908562279912985e-12,0,2992.060000000022
2025-06-26 10:07:04,buy,1.48,9700,0.0,9700,2992.060000000022
2025-06-26 10:19:51,buy,1.46,9700,0.0,19400,2992.060000000022
2025-06-26 11:39:37,sell,1.46,9700,-97.00000000000009,9700,2895.060000000022
2025-06-26 11:47:24,buy,1.46,9700,0.0,19400,2895.060000000022
2025-06-26 12:59:48,sell,1.46,9700,-48.50000000000112,9700,2846.560000000021
2025-06-26 14:11:28,sell,1.46,9700,-48.50000000000112,0,2798.06000000002
2025-06-30 10:18:52,buy,1.47,9700,0.0,9700,2798.06000000002
2025-06-30 10:52:50,sell,1.47,9700,0.0,0,2798.06000000002
2025-06-30 11:19:14,buy,1.46,815,0.0,815,2798.06000000002
2025-06-30 11:37:42,buy,1.47,9700,0.0,10515,2798.06000000002
2025-06-30 12:12:51,sell,1.45,9700,-186.48169281978164,815,2611.5783071802384
2025-06-30 12:14:10,sell,1.45,3952,-15.668307180218767,-3137,2595.91000000002
2025-06-30 12:14:10,sell,1.45,5420,0.0,-8557,2595.91000000002
2025-06-30 12:14:34,sell,1.45,328,0.0,-8885,2595.91000000002
2025-06-30 12:19:38,sell,1.45,7318,0.0,-16203,2595.91000000002
2025-06-30 12:22:13,buy,1.46,9700,-97.00000000000009,-6503,2498.91000000002
2025-06-30 13:19:09,buy,1.46,2546,-25.460000000000022,-3957,2473.45000000002
2025-06-30 13:23:38,buy,1.46,3040,-30.400000000000027,-917,2443.0500000000197
2025-06-30 13:23:38,buy,1.46,2748,-9.170000000000009,1831,2433.8800000000197
2025-06-30 13:23:38,buy,1.46,1983,0.0,3814,2433.8800000000197
2025-06-30 13:28:55,buy,1.46,6556,0.0,10370,2433.8800000000197
2025-06-30 13:33:17,buy,1.46,7235,0.0,17605,2433.8800000000197
2025-06-30 13:33:52,buy,1.46,1795,0.0,19400,2433.8800000000197
2025-06-30 14:55:00,sell,1.49,19400,582.0000000000006,0,3015.88000000002
2025-07-01 10:33:12,buy,1.48,9700,0.0,9700,3015.88000000002
2025-07-01 11:14:39,sell,1.48,8676,0.0,1024,3015.88000000002
2025-07-01 11:32:45,buy,1.47,9700,0.0,10724,3015.88000000002
2025-07-01 11:35:06,sell,1.48,5176,46.81760537112969,5548,3062.6976053711496
2025-07-01 11:35:06,sell,1.48,1823,16.48927638940677,3725,3079.1868817605564
2025-07-01 12:12:57,sell,1.48,2128,19.24804177545672,1597,3098.4349235360132
2025-07-01 12:12:57,sell,1.48,7572,14.445076464005819,-5975,3112.880000000019
2025-07-01 12:48:40,buy,1.47,9700,59.75000000000005,3725,3172.630000000019
2025-07-01 12:49:27,buy,1.46,5000,0.0,8725,3172.630000000019
2025-07-01 12:52:49,buy,1.46,9700,0.0,18425,3172.630000000019
2025-07-01 12:55:10,buy,1.46,975,0.0,19400,3172.630000000019
2025-07-01 13:07:19,sell,1.47,9700,78.3749999999995,9700,3251.0050000000188
2025-07-01 13:07:21,buy,1.47,9700,0.0,19400,3251.0050000000188
2025-07-01 13:32:19,sell,1.48,7515,105.51021262886586,11885,3356.5152126288845
2025-07-01 13:32:19,sell,1.48,1374,19.29088917525771,10511,3375.806101804142
2025-07-01 13:32:30,sell,1.48,811,11.386398195876275,9700,3387.1925000000183
2025-07-01 13:40:44,buy,1.48,9700,0.0,19400,3387.1925000000183
2025-07-01 14:55:00,sell,1.48,19400,136.1874999999977,0,3523.380000000016
2025-07-02 10:55:41,sell,1.48,9700,0.0,-9700,3523.380000000016
2025-07-02 13:14:06,sell,1.49,3897,0.0,-13597,3523.380000000016
2025-07-02 13:37:37,sell,1.49,1118,0.0,-14715,3523.380000000016
2025-07-02 13:37:37,sell,1.49,1112,0.0,-15827,3523.380000000016
2025-07-02 13:37:37,sell,1.49,1078,0.0,-16905,3523.380000000016
2025-07-02 13:37:37,sell,1.49,2495,0.0,-19400,3523.380000000016
2025-07-02 13:48:52,buy,1.49,8000,-39.99999999999915,-11400,3483.380000000017
2025-07-02 13:48:52,buy,1.49,1700,-8.499999999999819,-9700,3474.880000000017
2025-07-02 13:59:36,buy,1.49,8000,-39.99999999999915,-1700,3434.880000000018
2025-07-02 13:59:36,buy,1.49,1700,-8.499999999999819,0,3426.380000000018
2025-07-02 14:02:26,buy,1.49,140,0.0,140,3426.380000000018
2025-07-02 14:06:59,buy,1.49,6702,0.0,6842,3426.380000000018
2025-07-02 14:24:21,buy,1.49,9700,0.0,16542,3426.380000000018
2025-07-02 14:37:27,buy,1.49,2858,0.0,19400,3426.380000000018
2025-07-02 14:55:00,sell,1.5,19400,194.00000000000017,0,3620.380000000018
2025-07-03 10:46:15,buy,1.49,2563,0.0,2563,3620.380000000018
2025-07-03 11:05:17,buy,1.49,6100,0.0,8663,3620.380000000018
2025-07-03 11:14:28,buy,1.49,2017,0.0,10680,3620.380000000018
2025-07-03 11:42:34,buy,1.49,1883,0.0,12563,3620.380000000018
2025-07-03 11:42:34,buy,1.49,6837,0.0,19400,3620.380000000018
2025-07-03 12:48:02,sell,1.48,9700,-97.00000000000009,9700,3523.380000000018
2025-07-03 12:54:16,buy,1.48,9700,0.0,19400,3523.380000000018
2025-07-03 13:31:32,sell,1.47,4143,-62.145000000000515,15257,3461.2350000000174
2025-07-03 13:41:57,sell,1.47,9700,-145.5000000000012,5557,3315.735000000016
2025-07-03 13:47:46,buy,1.46,2503,0.0,8060,3315.735000000016
2025-07-03 13:51:08,buy,1.46,9497,0.0,17557,3315.735000000016
2025-07-03 13:51:08,buy,1.46,203,0.0,17760,3315.735000000016
2025-07-03 14:01:16,buy,1.46,338,0.0,18098,3315.735000000016
2025-07-03 14:01:16,buy,1.46,1302,0.0,19400,3315.735000000016
2025-07-03 14:07:55,sell,1.47,9700,27.53750000000057,9700,3343.2725000000164
2025-07-03 14:18:58,buy,1.46,1588,0.0,11288,3343.2725000000164
2025-07-03 14:18:58,buy,1.46,8000,0.0,19288,3343.2725000000164
2025-07-03 14:18:58,buy,1.46,112,0.0,19400,3343.2725000000164
2025-07-03 14:30:57,sell,1.46,9700,-34.731250000000834,9700,3308.5412500000157
2025-07-03 14:55:00,sell,1.47,9700,62.26874999999925,0,3370.810000000015
2025-07-04 12:37:23,sell,1.47,9700,0.0,-9700,3370.810000000015
2025-07-04 13:38:36,buy,1.47,2700,0.0,-7000,3370.810000000015
2025-07-04 14:07:27,sell,1.47,9700,0.0,-16700,3370.810000000015
2025-07-04 14:35:11,buy,1.47,8000,0.0,-8700,3370.810000000015
2025-07-04 14:55:00,buy,1.47,8700,0.0,0,3370.810000000015
2025-07-07 10:05:45,buy,1.46,1863,0.0,1863,3370.810000000015
2025-07-07 10:10:56,sell,1.47,9700,18.630000000000017,-7837,3389.440000000015
2025-07-07 11:05:29,sell,1.48,1249,0.0,-9086,3389.440000000015
2025-07-07 11:05:29,sell,1.48,8451,0.0,-17537,3389.440000000015
2025-07-07 11:48:55,sell,1.48,1863,0.0,-19400,3389.440000000015
2025-07-07 11:48:55,buy,1.47,755,4.50003350515459,-18645,3393.9400335051696
2025-07-07 12:25:42,buy,1.48,3450,-13.936932989690975,-15195,3380.0031005154788
2025-07-07 12:25:42,buy,1.48,6250,-25.24806701030974,-8945,3354.755033505169
2025-07-07 12:29:36,buy,1.48,7241,-29.25140051546445,-1704,3325.503632989705
2025-07-07 12:50:46,buy,1.47,17,0.10132525773195766,-1687,3325.6049582474366
2025-07-07 13:15:41,buy,1.47,467,2.7834644329896605,-1220,3328.388422680426
2025-07-07 13:21:15,buy,1.47,1550,7.27157731958755,330,3335.6600000000135
2025-07-07 13:24:47,buy,1.47,9700,0.0,10030,3335.6600000000135
2025-07-07 13:25:53,buy,1.47,9370,0.0,19400,3335.6600000000135
2025-07-07 13:41:10,sell,1.46,9700,-97.00000000000009,9700,3238.6600000000135
2025-07-07 13:42:33,sell,1.46,9700,-97.00000000000009,0,3141.6600000000135
2025-07-07 13:52:55,buy,1.46,8000,0.0,8000,3141.6600000000135
2025-07-07 13:52:55,buy,1.46,1495,0.0,9495,3141.6600000000135
2025-07-07 13:52:55,buy,1.46,205,0.0,9700,3141.6600000000135
2025-07-07 13:57:22,sell,1.46,9700,-2.1538326677728037e-12,0,3141.660000000011
2025-07-07 14:00:49,buy,1.46,5000,0.0,5000,3141.660000000011
2025-07-07 14:01:21,buy,1.46,3000,0.0,8000,3141.660000000011
2025-07-07 14:01:21,buy,1.46,1685,0.0,9685,3141.660000000011
2025-07-07 14:04:19,sell,1.46,1984,0.0,7701,3141.660000000011
2025-07-07 14:07:16,buy,1.46,5593,0.0,13294,3141.660000000011
2025-07-07 14:07:42,buy,1.46,2407,0.0,15701,3141.660000000011
2025-07-07 14:07:42,buy,1.46,1700,0.0,17401,3141.660000000011
2025-07-07 14:14:44,sell,1.46,2371,0.0,15030,3141.660000000011
2025-07-07 14:17:20,sell,1.46,9700,0.0,5330,3141.660000000011
2025-07-07 14:21:48,sell,1.46,1228,0.0,4102,3141.660000000011
2025-07-07 14:25:24,sell,1.46,1649,0.0,2453,3141.660000000011
2025-07-07 14:28:25,sell,1.46,1532,0.0,921,3141.660000000011
2025-07-07 14:31:33,sell,1.46,1565,0.0,-644,3141.660000000011
2025-07-07 14:34:21,sell,1.46,9700,0.0,-10344,3141.660000000011
2025-07-07 14:44:54,buy,1.46,1909,0.0,-8435,3141.660000000011
2025-07-07 14:44:54,buy,1.46,1191,0.0,-7244,3141.660000000011
2025-07-07 14:55:00,buy,1.48,7244,-144.88000000000014,0,2996.780000000011
2025-07-08 10:00:00,buy,1.46,109,0.0,109,2996.780000000011
2025-07-08 10:00:00,buy,1.46,1908,0.0,2017,2996.780000000011
2025-07-08 10:27:12,buy,1.47,8000,0.0,10017,2996.780000000011
2025-07-08 10:27:12,buy,1.47,1700,0.0,11717,2996.780000000011
2025-07-08 10:59:49,buy,1.47,5123,0.0,16840,2996.780000000011
2025-07-08 11:07:30,sell,1.47,9700,11.618111638955476,7140,3008.3981116389664
2025-07-08 11:08:34,buy,1.47,9700,0.0,16840,3008.3981116389664
2025-07-08 11:10:01,sell,1.47,9700,4.925968949058102,7140,3013.3240805880246
2025-07-08 12:10:54,buy,1.47,8000,0.0,15140,3013.3240805880246
2025-07-08 12:10:54,buy,1.47,1700,0.0,16840,3013.3240805880246
2025-07-08 13:07:58,buy,1.47,2560,0.0,19400,3013.3240805880246
2025-07-08 14:55:00,sell,1.48,19400,197.62591941199014,0,3210.950000000015
2025-07-09 10:34:02,buy,1.46,91,0.0,91,3210.950000000015
2025-07-09 10:37:02,sell,1.47,9700,0.9100000000000008,-9609,3211.8600000000147
2025-07-09 10:37:05,buy,1.46,3391,33.91000000000003,-6218,3245.7700000000145
2025-07-09 10:51:27,buy,1.46,501,5.010000000000004,-5717,3250.7800000000148
2025-07-09 10:51:27,buy,1.46,3425,34.25000000000003,-2292,3285.0300000000148
2025-07-09 10:51:27,buy,1.46,5774,22.92000000000002,3482,3307.950000000015
2025-07-09 10:54:23,buy,1.46,9700,0.0,13182,3307.950000000015
2025-07-09 11:08:14,buy,1.46,5878,0.0,19060,3307.950000000015
2025-07-09 11:13:21,buy,1.46,340,0.0,19400,3307.950000000015
2025-07-09 12:12:18,sell,1.47,853,8.530000000000008,18547,3316.480000000015
2025-07-09 12:18:57,sell,1.47,1861,18.610000000000017,16686,3335.090000000015
2025-07-09 12:24:19,sell,1.47,669,6.690000000000006,16017,3341.780000000015
2025-07-09 12:25:36,sell,1.47,1849,18.490000000000016,14168,3360.2700000000154
2025-07-09 12:32:05,sell,1.47,1717,17.170000000000016,12451,3377.4400000000155
2025-07-09 12:38:09,sell,1.47,1715,17.150000000000016,10736,3394.5900000000156
2025-07-09 12:44:14,sell,1.47,1766,17.660000000000014,8970,3412.2500000000155
2025-07-09 12:50:21,sell,1.47,1654,16.540000000000013,7316,3428.7900000000154
2025-07-09 12:56:08,sell,1.47,1766,17.660000000000014,5550,3446.4500000000153
2025-07-09 13:02:21,sell,1.47,1915,19.150000000000016,3635,3465.6000000000154
2025-07-09 13:08:09,sell,1.47,9700,36.35000000000003,-6065,3501.9500000000153
2025-07-09 13:51:18,buy,1.47,8000,0.0,1935,3501.9500000000153
2025-07-09 13:51:18,buy,1.47,1700,0.0,3635,3501.9500000000153
2025-07-09 13:53:55,buy,1.47,7829,0.0,11464,3501.9500000000153
2025-07-09 13:56:00,buy,1.46,2179,0.0,13643,3501.9500000000153
2025-07-09 14:06:31,buy,1.46,3600,0.0,17243,3501.9500000000153
2025-07-09 14:06:31,buy,1.46,1828,0.0,19071,3501.9500000000153
2025-07-09 14:06:31,buy,1.46,329,0.0,19400,3501.9500000000153
2025-07-09 14:39:34,sell,1.46,9700,-57.320000000000036,9700,3444.630000000015
2025-07-09 14:55:00,sell,1.47,9700,39.68000000000005,0,3484.310000000015
2025-07-10 10:24:58,sell,1.47,957,0.0,-957,3484.310000000015
2025-07-10 10:26:43,buy,1.47,5423,0.0,4466,3484.310000000015
2025-07-10 11:08:36,buy,1.47,8000,0.0,12466,3484.310000000015
2025-07-10 11:08:36,buy,1.47,1000,0.0,13466,3484.310000000015
2025-07-10 11:08:36,buy,1.47,700,0.0,14166,3484.310000000015
2025-07-10 11:40:05,buy,1.47,5234,0.0,19400,3484.310000000015
2025-07-10 12:11:37,sell,1.47,9700,0.0,9700,3484.310000000015
2025-07-10 12:29:10,buy,1.47,8000,0.0,17700,3484.310000000015
2025-07-10 12:29:10,buy,1.47,1700,0.0,19400,3484.310000000015
2025-07-10 12:37:24,sell,1.47,9700,0.0,9700,3484.310000000015
2025-07-10 13:03:02,sell,1.47,9700,0.0,0,3484.310000000015
2025-07-10 13:11:05,sell,1.47,9700,0.0,-9700,3484.310000000015
2025-07-10 13:13:30,buy,1.47,8000,0.0,-1700,3484.310000000015
2025-07-10 13:13:30,buy,1.47,1700,0.0,0,3484.310000000015
2025-07-10 13:23:21,buy,1.47,8000,0.0,8000,3484.310000000015
2025-07-10 13:23:21,buy,1.47,857,0.0,8857,3484.310000000015
2025-07-10 14:26:18,buy,1.47,7631,0.0,16488,3484.310000000015
2025-07-10 14:26:18,buy,1.47,2069,0.0,18557,3484.310000000015
2025-07-10 14:55:00,sell,1.48,18557,185.57000000000016,0,3669.880000000015
2025-07-11 11:28:53,sell,1.48,9700,0.0,-9700,3669.880000000015
2025-07-11 11:31:36,buy,1.48,2208,0.0,-7492,3669.880000000015
2025-07-11 11:32:30,buy,1.48,5792,0.0,-1700,3669.880000000015
2025-07-11 11:32:30,buy,1.48,3303,0.0,1603,3669.880000000015
2025-07-11 11:32:30,buy,1.48,605,0.0,2208,3669.880000000015
2025-07-11 12:12:15,sell,1.49,9700,22.08000000000002,-7492,3691.960000000015
2025-07-11 12:49:06,buy,1.49,1919,0.0,-5573,3691.960000000015
2025-07-11 12:49:06,buy,1.49,4466,0.0,-1107,3691.960000000015
2025-07-11 12:49:06,buy,1.49,418,0.0,-689,3691.960000000015
2025-07-11 12:49:06,buy,1.49,2897,0.0,2208,3691.960000000015
2025-07-11 12:49:07,sell,1.49,9700,0.0,-7492,3691.960000000015
2025-07-11 13:47:34,sell,1.5,618,0.0,-8110,3691.960000000015
2025-07-11 13:47:46,sell,1.5,9082,0.0,-17192,3691.960000000015
2025-07-11 14:35:03,sell,1.5,2208,0.0,-19400,3691.960000000015
2025-07-11 14:37:24,buy,1.5,4371,-16.880171134020692,-15029,3675.0798288659944
2025-07-11 14:37:24,buy,1.5,5329,-20.57982886597947,-9700,3654.500000000015
2025-07-11 14:44:17,sell,1.5,9700,0.0,-19400,3654.500000000015
2025-07-11 14:55:00,buy,1.51,19400,-231.4599999999982,0,3423.040000000017
2025-07-14 10:54:19,buy,1.5,4788,0.0,4788,3423.040000000017
2025-07-14 10:56:47,buy,1.5,9700,0.0,14488,3423.040000000017
2025-07-14 11:35:26,buy,1.5,4912,0.0,19400,3423.040000000017
2025-07-14 11:35:27,sell,1.51,1031,10.31000000000001,18369,3433.3500000000167
2025-07-14 14:38:00,buy,1.48,1031,0.0,19400,3433.3500000000167
2025-07-14 14:55:00,sell,1.48,19400,-367.3800000000017,0,3065.970000000015
2025-07-15 10:00:03,sell,1.49,3012,0.0,-3012,3065.970000000015
2025-07-15 10:00:03,sell,1.5,1620,0.0,-4632,3065.970000000015
2025-07-15 10:00:03,sell,1.5,3034,0.0,-7666,3065.970000000015
2025-07-15 10:23:54,sell,1.49,9700,0.0,-17366,3065.970000000015
2025-07-15 11:26:18,sell,1.5,554,0.0,-17920,3065.970000000015
2025-07-15 11:30:28,sell,1.5,680,0.0,-18600,3065.970000000015
2025-07-15 11:36:30,sell,1.5,800,0.0,-19400,3065.970000000015
2025-07-15 12:51:42,buy,1.49,7826,26.97952989690765,-11574,3092.9495298969223
2025-07-15 12:58:09,buy,1.49,9700,33.44000000000054,-1874,3126.389529896923
2025-07-15 13:12:59,sell,1.49,9700,0.0,-11574,3126.389529896923
2025-07-15 13:25:47,sell,1.49,5438,0.0,-17012,3126.389529896923
2025-07-15 13:46:10,sell,1.49,577,0.0,-17589,3126.389529896923
2025-07-15 13:46:10,sell,1.49,1811,0.0,-19400,3126.389529896923
2025-07-15 14:17:51,buy,1.49,1713,0.5704528498243833,-17687,3126.9599827467473
2025-07-15 14:55:00,buy,1.5,17687,-170.9799827467346,0,2955.9800000000128
2025-07-16 10:00:00,buy,1.48,2063,0.0,2063,2955.9800000000128
2025-07-16 10:27:00,sell,1.5,1642,32.84000000000003,421,2988.820000000013
2025-07-16 10:46:59,sell,1.5,3018,8.420000000000007,-2597,2997.240000000013
2025-07-16 11:33:12,sell,1.5,5660,0.0,-8257,2997.240000000013
2025-07-16 11:58:05,sell,1.5,90,0.0,-8347,2997.240000000013
2025-07-16 12:04:20,sell,1.5,3773,0.0,-12120,2997.240000000013
2025-07-16 12:15:19,sell,1.5,3317,0.0,-15437,2997.240000000013
2025-07-16 12:15:19,sell,1.5,3963,0.0,-19400,2997.240000000013
2025-07-16 13:03:00,buy,1.49,4500,45.00000000000004,-14900,3042.240000000013
2025-07-16 13:03:00,buy,1.49,5200,52.00000000000004,-9700,3094.240000000013
2025-07-16 13:19:11,sell,1.5,174,0.0,-9874,3094.240000000013
2025-07-16 13:19:11,sell,1.5,9526,0.0,-19400,3094.240000000013
2025-07-16 14:55:00,buy,1.49,19400,194.00000000000017,0,3288.240000000013
2025-07-17 10:43:23,sell,1.5,86,0.0,-86,3288.240000000013
2025-07-17 10:48:59,sell,1.5,1698,0.0,-1784,3288.240000000013
2025-07-17 10:54:35,sell,1.5,1698,0.0,-3482,3288.240000000013
2025-07-17 11:00:11,sell,1.5,1698,0.0,-5180,3288.240000000013
2025-07-17 11:05:47,sell,1.5,1698,0.0,-6878,3288.240000000013
2025-07-17 11:11:23,sell,1.5,1698,0.0,-8576,3288.240000000013
2025-07-17 11:16:59,sell,1.5,1698,0.0,-10274,3288.240000000013
2025-07-17 11:22:35,sell,1.5,1698,0.0,-11972,3288.240000000013
2025-07-17 11:28:11,sell,1.5,1698,0.0,-13670,3288.240000000013
2025-07-17 11:33:47,sell,1.5,1698,0.0,-15368,3288.240000000013
2025-07-17 11:39:23,sell,1.5,1698,0.0,-17066,3288.240000000013
2025-07-17 11:44:59,sell,1.5,1698,0.0,-18764,3288.240000000013
2025-07-17 11:50:35,sell,1.5,636,0.0,-19400,3288.240000000013
2025-07-17 14:55:00,buy,1.5,19400,0.0,0,3288.240000000013
2025-07-18 14:34:44,sell,1.5,9700,0.0,-9700,3288.240000000013
2025-07-18 14:34:44,buy,1.49,3152,31.520000000000028,-6548,3319.760000000013
2025-07-18 14:55:01,buy,1.51,6548,-65.48000000000006,0,3254.280000000013
2025-07-21 14:09:42,buy,1.49,5697,0.0,5697,3254.280000000013
2025-07-21 14:31:57,buy,1.49,1465,0.0,7162,3254.280000000013
2025-07-21 14:31:57,buy,1.49,1175,0.0,8337,3254.280000000013
2025-07-21 14:35:10,buy,1.49,3825,0.0,12162,3254.280000000013
2025-07-21 14:35:10,buy,1.49,2366,0.0,14528,3254.280000000013
2025-07-21 14:55:00,sell,1.5,14528,145.28000000000014,0,3399.560000000013
2025-07-22 10:00:00,buy,1.49,504,0.0,504,3399.560000000013
2025-07-22 10:28:52,buy,1.49,2017,0.0,2521,3399.560000000013
2025-07-22 10:45:11,buy,1.5,4295,0.0,6816,3399.560000000013
2025-07-22 10:45:19,buy,1.5,705,0.0,7521,3399.560000000013
2025-07-22 10:45:19,buy,1.5,4700,0.0,12221,3399.560000000013
2025-07-22 10:53:08,buy,1.5,4124,0.0,16345,3399.560000000013
2025-07-22 10:53:08,buy,1.5,3055,0.0,19400,3399.560000000013
2025-07-22 11:25:19,sell,1.5,9700,12.605000000000533,9700,3412.1650000000136
2025-07-22 11:25:34,buy,1.5,591,0.0,10291,3412.1650000000136
2025-07-22 11:31:25,buy,1.5,8998,0.0,19289,3412.1650000000136
2025-07-22 11:32:05,buy,1.5,111,0.0,19400,3412.1650000000136
2025-07-22 12:48:00,sell,1.51,9700,103.30250000000143,9700,3515.467500000015
2025-07-22 12:48:00,buy,1.51,9700,0.0,19400,3515.467500000015
2025-07-22 14:14:19,sell,1.5,9700,-45.3487499999983,9700,3470.118750000017
2025-07-22 14:40:07,buy,1.49,2732,0.0,12432,3470.118750000017
2025-07-22 14:55:01,sell,1.5,12432,-18.028749999997682,0,3452.0900000000192
2025-07-23 10:24:26,sell,1.5,5000,0.0,-5000,3452.0900000000192
2025-07-23 10:24:26,sell,1.5,4700,0.0,-9700,3452.0900000000192
2025-07-23 10:51:30,sell,1.5,5871,0.0,-15571,3452.0900000000192
2025-07-23 10:51:30,sell,1.5,3829,0.0,-19400,3452.0900000000192
2025-07-23 11:54:51,buy,1.5,114,0.0,-19286,3452.0900000000192
2025-07-23 12:04:46,buy,1.5,9680,0.0,-9606,3452.0900000000192
2025-07-23 12:17:02,buy,1.5,2063,0.0,-7543,3452.0900000000192
2025-07-23 12:38:10,sell,1.52,9700,0.0,-17243,3452.0900000000192
2025-07-23 14:55:00,buy,1.52,17243,-150.86000000000018,0,3301.230000000019
2025-07-24 12:39:50,sell,1.54,3201,0.0,-3201,3301.230000000019
2025-07-24 12:39:50,sell,1.54,6499,0.0,-9700,3301.230000000019
2025-07-24 12:50:45,sell,1.55,9700,0.0,-19400,3301.230000000019
2025-07-24 13:09:25,buy,1.57,9700,-242.50000000000128,-9700,3058.7300000000178
2025-07-24 13:44:12,buy,1.57,5023,-125.57500000000067,-4677,2933.155000000017
2025-07-24 13:50:16,buy,1.57,9221,-116.92500000000062,4544,2816.2300000000164
2025-07-24 13:50:16,buy,1.57,479,0.0,5023,2816.2300000000164
2025-07-24 13:57:33,buy,1.56,8000,0.0,13023,2816.2300000000164
2025-07-24 13:57:33,buy,1.55,1700,0.0,14723,2816.2300000000164
2025-07-24 14:29:35,sell,1.57,9700,75.10697548054144,5023,2891.3369754805576
2025-07-24 14:55:01,sell,1.57,5023,38.89302451945976,0,2930.2300000000173
2025-07-25 10:00:00,buy,1.55,75,0.0,75,2930.2300000000173
2025-07-25 10:00:00,buy,1.55,1467,0.0,1542,2930.2300000000173
2025-07-25 10:00:00,buy,1.55,2154,0.0,3696,2930.2300000000173
2025-07-25 10:44:46,sell,1.57,6189,73.92000000000007,-2493,3004.1500000000174
2025-07-25 11:35:14,buy,1.56,1477,14.770000000000014,-1016,3018.9200000000174
2025-07-25 11:36:40,buy,1.56,7000,10.160000000000009,5984,3029.080000000017
2025-07-25 12:00:21,buy,1.56,2017,0.0,8001,3029.080000000017
2025-07-25 12:04:32,buy,1.56,2882,0.0,10883,3029.080000000017
2025-07-25 12:10:47,sell,1.57,1299,12.989999999999723,9584,3042.070000000017
2025-07-25 12:18:17,buy,1.56,2719,0.0,12303,3042.070000000017
2025-07-25 12:26:08,buy,1.56,3055,0.0,15358,3042.070000000017
2025-07-25 12:32:37,buy,1.56,2017,0.0,17375,3042.070000000017
2025-07-25 12:54:35,sell,1.57,200,1.9999999999999574,17175,3044.070000000017
2025-07-25 12:56:07,sell,1.57,1339,13.389999999999715,15836,3057.460000000017
2025-07-25 13:37:30,sell,1.57,314,3.139999999999933,15522,3060.6000000000167
2025-07-25 13:53:53,buy,1.56,2017,0.0,17539,3060.6000000000167
2025-07-25 14:02:04,buy,1.56,1861,0.0,19400,3060.6000000000167
2025-07-25 14:21:53,sell,1.57,310,3.099999999999934,19090,3063.7000000000166
2025-07-25 14:44:34,sell,1.57,1952,19.519999999999584,17138,3083.220000000016
2025-07-25 14:55:01,sell,1.57,17138,171.37999999999636,0,3254.6000000000126
2025-07-28 10:25:19,buy,1.56,8000,0.0,8000,3254.6000000000126
2025-07-28 10:44:22,sell,1.56,9700,0.0,-1700,3254.6000000000126
2025-07-28 14:55:00,buy,1.56,1700,0.0,0,3254.6000000000126
2025-07-29 10:49:49,sell,1.56,2867,0.0,-2867,3254.6000000000126
2025-07-29 11:10:24,sell,1.56,9700,0.0,-12567,3254.6000000000126
2025-07-29 12:02:32,buy,1.55,648,6.480000000000006,-11919,3261.0800000000127
2025-07-29 12:02:32,buy,1.55,1758,17.580000000000016,-10161,3278.6600000000126
2025-07-29 12:02:32,buy,1.55,4793,47.93000000000004,-5368,3326.5900000000124
2025-07-29 12:05:42,buy,1.55,5207,52.07000000000004,-161,3378.6600000000126
2025-07-29 12:05:42,buy,1.54,4493,3.220000000000003,4332,3381.8800000000124
2025-07-29 12:12:53,sell,1.56,9700,86.64000000000007,-5368,3468.5200000000123
2025-07-29 12:25:00,buy,1.56,5557,0.0,189,3468.5200000000123
2025-07-29 12:29:00,buy,1.56,206,0.0,395,3468.5200000000123
2025-07-29 12:29:00,buy,1.56,9494,0.0,9889,3468.5200000000123
2025-07-29 12:49:36,sell,1.62,394,23.639999999999933,9495,3492.160000000012
2025-07-29 13:00:58,sell,1.6,1400,55.99999999999974,8095,3548.1600000000117
2025-07-29 13:00:58,sell,1.61,5000,249.99999999999912,3095,3798.1600000000108
2025-07-29 13:00:58,sell,1.61,3300,154.74999999999946,-205,3952.9100000000103
2025-07-29 13:02:44,buy,1.6,9700,2.0500000000000016,9495,3954.9600000000105
2025-07-29 13:04:40,sell,1.6,9700,0.0,-205,3954.9600000000105
2025-07-29 13:05:02,buy,1.59,5000,2.0500000000000016,4795,3957.0100000000107
2025-07-29 13:24:01,sell,1.59,2017,0.0,2778,3957.0100000000107
2025-07-29 13:24:01,sell,1.59,2983,0.0,-205,3957.0100000000107
2025-07-29 13:29:18,buy,1.58,9700,2.0500000000000016,9495,3959.060000000011
2025-07-29 13:39:33,sell,1.57,500,-5.000000000000004,8995,3954.060000000011
2025-07-29 13:52:30,sell,1.57,282,-2.8200000000000025,8713,3951.2400000000107
2025-07-29 13:54:59,sell,1.57,33,-0.3300000000000003,8680,3950.9100000000108
2025-07-29 14:55:00,sell,1.59,8680,86.80000000000008,0,4037.710000000011
2025-07-30 10:13:10,sell,1.6,4110,0.0,-4110,4037.710000000011
2025-07-30 10:13:10,sell,1.61,2263,0.0,-6373,4037.710000000011
2025-07-30 10:13:10,sell,1.61,3327,0.0,-9700,4037.710000000011
2025-07-30 10:16:22,buy,1.6,5000,28.814432989691106,-4700,4066.524432989702
2025-07-30 10:19:07,sell,1.6,9700,0.0,-14400,4066.524432989702
2025-07-30 10:20:31,sell,1.59,5000,0.0,-19400,4066.524432989702
2025-07-30 10:23:41,buy,1.59,3300,29.102184079073723,-16100,4095.6266170687754
2025-07-30 10:23:41,buy,1.59,6400,56.44059942608237,-9700,4152.067216494857
2025-07-30 11:06:31,buy,1.6,9700,-11.45721649484399,0,4140.610000000013
2025-07-30 11:07:07,buy,1.6,2702,0.0,2702,4140.610000000013
2025-07-30 11:15:01,buy,1.6,9700,0.0,12402,4140.610000000013
2025-07-30 11:16:48,buy,1.6,4584,0.0,16986,4140.610000000013
2025-07-30 11:19:38,buy,1.6,2414,0.0,19400,4140.610000000013
2025-07-30 12:59:48,sell,1.61,2650,26.500000000000025,16750,4167.110000000013
2025-07-30 13:10:59,buy,1.6,2650,0.0,19400,4167.110000000013
2025-07-30 13:19:29,sell,1.61,500,5.000000000000004,18900,4172.110000000013
2025-07-30 13:19:29,sell,1.61,2017,20.17000000000002,16883,4192.280000000013
2025-07-30 13:19:29,sell,1.61,3892,38.92000000000004,12991,4231.2000000000135
2025-07-30 13:19:29,sell,1.61,3291,32.91000000000003,9700,4264.110000000013
2025-07-30 14:09:27,buy,1.6,9700,0.0,19400,4264.110000000013
2025-07-30 14:55:00,sell,1.6,19400,0.0,0,4264.110000000013
2025-07-31 12:00:03,buy,1.57,1592,0.0,1592,4264.110000000013
2025-07-31 12:37:53,buy,1.57,1592,0.0,3184,4264.110000000013
2025-07-31 13:22:56,buy,1.57,2017,0.0,5201,4264.110000000013
2025-07-31 13:35:28,buy,1.57,2063,0.0,7264,4264.110000000013
2025-07-31 13:51:30,buy,1.58,4549,0.0,11813,4264.110000000013
2025-07-31 13:58:11,buy,1.58,1727,0.0,13540,4264.110000000013
2025-07-31 14:32:06,buy,1.58,2144,0.0,15684,4264.110000000013
2025-07-31 14:55:01,sell,1.6,15684,386.3199999999992,0,4650.430000000012
2025-08-01 10:06:01,sell,1.6,5000,0.0,-5000,4650.430000000012
2025-08-01 10:06:01,sell,1.6,4700,0.0,-9700,4650.430000000012
2025-08-01 10:11:13,buy,1.62,27,-0.5400000000000005,-9673,4649.890000000012
2025-08-01 10:13:03,buy,1.62,1217,-24.34000000000002,-8456,4625.550000000012
2025-08-01 10:13:04,buy,1.62,1995,-39.900000000000034,-6461,4585.650000000012
2025-08-01 11:39:51,sell,1.62,2983,0.0,-9444,4585.650000000012
2025-08-01 11:39:51,sell,1.62,6717,0.0,-16161,4585.650000000012
2025-08-01 14:32:01,sell,1.62,279,0.0,-16440,4585.650000000012
2025-08-01 14:55:00,buy,1.63,16440,-293.61999999999585,0,4292.030000000016
2025-08-04 11:10:09,sell,1.6,9700,0.0,-9700,4292.030000000016
2025-08-04 12:12:04,buy,1.6,5000,0.0,-4700,4292.030000000016
2025-08-04 12:12:04,buy,1.6,4700,0.0,0,4292.030000000016
2025-08-04 13:46:10,buy,1.6,1068,0.0,1068,4292.030000000016
2025-08-04 13:57:36,buy,1.6,232,0.0,1300,4292.030000000016
2025-08-04 13:57:36,buy,1.6,4012,0.0,5312,4292.030000000016
2025-08-04 14:30:02,buy,1.6,2000,0.0,7312,4292.030000000016
2025-08-04 14:44:46,buy,1.6,3345,0.0,10657,4292.030000000016
2025-08-04 14:55:00,sell,1.6,10657,0.0,0,4292.030000000016
2025-08-05 10:00:00,buy,1.58,2063,0.0,2063,4292.030000000016
2025-08-05 10:00:00,buy,1.58,2000,0.0,4063,4292.030000000016
2025-08-05 10:00:00,buy,1.58,2097,0.0,6160,4292.030000000016
2025-08-05 10:00:00,buy,1.58,37,0.0,6197,4292.030000000016
2025-08-05 10:00:00,buy,1.58,158,0.0,6355,4292.030000000016
2025-08-05 11:42:49,sell,1.6,3413,68.26000000000158,2942,4360.290000000017
2025-08-05 11:42:50,sell,1.6,6287,58.84000000000136,-3345,4419.130000000018
2025-08-05 13:06:08,buy,1.59,9700,33.45000000000003,6355,4452.580000000018
2025-08-05 13:36:02,sell,1.59,9700,0.0,-3345,4452.580000000018
2025-08-05 13:59:24,buy,1.6,9700,-33.45000000000003,6355,4419.130000000018
2025-08-05 14:31:26,buy,1.59,3749,0.0,10104,4419.130000000018
2025-08-05 14:55:00,sell,1.6,10104,37.49000000000035,0,4456.620000000019
2025-08-06 10:52:40,sell,1.59,1162,0.0,-1162,4456.620000000019
2025-08-06 10:52:40,sell,1.59,5165,0.0,-6327,4456.620000000019
2025-08-06 10:52:40,sell,1.59,2063,0.0,-8390,4456.620000000019
2025-08-06 10:52:40,sell,1.59,1310,0.0,-9700,4456.620000000019
2025-08-06 11:16:49,buy,1.58,1865,18.650000000000016,-7835,4475.270000000019
2025-08-06 11:16:49,buy,1.58,3426,34.26000000000003,-4409,4509.530000000019
2025-08-06 11:22:23,buy,1.58,1994,19.94000000000002,-2415,4529.470000000018
2025-08-06 11:29:35,buy,1.58,7601,24.15000000000002,5186,4553.620000000018
2025-08-06 11:48:08,buy,1.58,1279,0.0,6465,4553.620000000018
2025-08-06 11:48:08,buy,1.58,6322,0.0,12787,4553.620000000018
2025-08-06 11:52:13,buy,1.58,1692,0.0,14479,4553.620000000018
2025-08-06 12:03:35,buy,1.58,2063,0.0,16542,4553.620000000018
2025-08-06 12:06:41,buy,1.58,1570,0.0,18112,4553.620000000018
2025-08-06 12:06:41,buy,1.58,1288,0.0,19400,4553.620000000018
2025-08-06 13:37:56,sell,1.58,1300,2.886579864025407e-13,18100,4553.620000000018
2025-08-06 14:23:30,sell,1.58,2144,4.760636329592671e-13,15956,4553.620000000019
2025-08-06 14:24:27,sell,1.58,9700,2.1538326677728037e-12,6256,4553.620000000021
2025-08-06 14:34:43,buy,1.58,367,0.0,6623,4553.620000000021
2025-08-06 14:37:02,sell,1.59,9700,66.23000000000006,-3077,4619.850000000021
2025-08-06 14:42:51,buy,1.6,3027,-30.270000000000028,-50,4589.580000000021
2025-08-06 14:42:51,buy,1.6,6673,-0.5000000000000004,6623,4589.080000000021
2025-08-06 14:43:32,sell,1.59,733,-7.330000000000006,5890,4581.750000000021
2025-08-06 14:43:48,buy,1.59,4922,0.0,10812,4581.750000000021
2025-08-06 14:43:48,buy,1.59,58,0.0,10870,4581.750000000021
2025-08-06 14:55:01,sell,1.61,10870,158.49999999999974,0,4740.250000000021
2025-08-07 10:00:00,sell,1.62,1530,0.0,-1530,4740.250000000021
2025-08-07 10:00:00,sell,1.62,8170,0.0,-9700,4740.250000000021
2025-08-07 10:24:22,sell,1.64,4211,0.0,-13911,4740.250000000021
2025-08-07 10:24:39,sell,1.64,4714,0.0,-18625,4740.250000000021
2025-08-07 10:27:25,buy,1.64,7414,-77.22502013422692,-11211,4663.024979865794
2025-08-07 10:28:15,buy,1.64,9700,-101.03624161073661,-1511,4561.988738255058
2025-08-07 10:37:21,sell,1.64,9700,0.0,-11211,4561.988738255058
2025-08-07 10:53:03,buy,1.64,7600,-10.669379247013566,-3611,4551.319359008045
2025-08-07 11:11:50,buy,1.63,8289,31.04064099197819,4678,4582.360000000022
2025-08-07 11:12:14,buy,1.63,1411,0.0,6089,4582.360000000022
2025-08-07 11:21:09,buy,1.62,9700,0.0,15789,4582.360000000022
2025-08-07 12:23:42,sell,1.62,9700,-37.40787890303216,6089,4544.952121096991
2025-08-07 12:33:57,buy,1.61,667,0.0,6756,4544.952121096991
2025-08-07 12:33:57,buy,1.61,3770,0.0,10526,4544.952121096991
2025-08-07 12:42:37,buy,1.61,8874,0.0,19400,4544.952121096991
2025-08-07 13:06:07,sell,1.61,1941,-8.441561188103682,17459,4536.5105599088865
2025-08-07 13:08:55,sell,1.61,7511,-32.66592791542852,9948,4503.844631993458
2025-08-07 13:17:02,sell,1.61,9700,-42.186060548483105,248,4461.658571444975
2025-08-07 14:41:50,buy,1.6,9700,0.0,9948,4461.658571444975
2025-08-07 14:55:00,sell,1.6,9948,-3.558571444949626,0,4458.100000000025
2025-08-08 10:29:09,sell,1.62,1148,0.0,-1148,4458.100000000025
2025-08-08 10:29:09,sell,1.62,8552,0.0,-9700,4458.100000000025
2025-08-08 11:09:30,buy,1.6,4540,90.80000000000008,-5160,4548.900000000025
2025-08-08 11:10:06,buy,1.6,2017,40.34000000000004,-3143,4589.240000000025
2025-08-08 14:55:00,buy,1.59,3143,94.29000000000008,0,4683.530000000025
2025-08-11 11:05:20,buy,1.58,8787,0.0,8787,4683.530000000025
2025-08-11 11:08:40,buy,1.58,2017,0.0,10804,4683.530000000025
2025-08-11 11:20:23,buy,1.58,780,0.0,11584,4683.530000000025
2025-08-11 11:20:23,buy,1.58,1237,0.0,12821,4683.530000000025
2025-08-11 13:47:57,buy,1.58,6579,0.0,19400,4683.530000000025
2025-08-11 14:55:00,sell,1.58,19400,0.0,0,4683.530000000025
2025-08-12 10:31:53,sell,1.58,9700,0.0,-9700,4683.530000000025
2025-08-12 10:51:16,buy,1.58,2017,0.0,-7683,4683.530000000025
2025-08-12 10:52:17,buy,1.58,7775,0.0,92,4683.530000000025
2025-08-12 11:13:32,buy,1.58,2017,0.0,2109,4683.530000000025
2025-08-12 11:13:49,buy,1.58,5000,0.0,7109,4683.530000000025
2025-08-12 11:14:49,buy,1.58,1850,0.0,8959,4683.530000000025
2025-08-12 11:14:49,buy,1.58,3188,0.0,12147,4683.530000000025
2025-08-12 11:15:47,buy,1.58,1300,0.0,13447,4683.530000000025
2025-08-12 11:33:02,buy,1.58,5953,0.0,19400,4683.530000000025
2025-08-12 11:38:07,sell,1.58,9700,0.0,9700,4683.530000000025
2025-08-12 13:55:00,sell,1.58,9700,0.0,0,4683.530000000025
2025-08-12 14:07:26,sell,1.58,9700,0.0,-9700,4683.530000000025
2025-08-12 14:40:26,buy,1.57,8367,83.67000000000007,-1333,4767.200000000025
2025-08-12 14:55:00,buy,1.57,1333,13.330000000000013,0,4780.530000000025
2025-08-13 10:00:00,buy,1.56,526,0.0,526,4780.530000000025
2025-08-13 10:00:00,buy,1.56,1491,0.0,2017,4780.530000000025
2025-08-13 10:00:00,buy,1.56,504,0.0,2521,4780.530000000025
2025-08-13 11:15:04,sell,1.58,9700,50.420000000000044,-7179,4830.950000000025
2025-08-13 11:17:14,sell,1.58,2233,0.0,-9412,4830.950000000025
2025-08-13 11:29:59,sell,1.58,3762,0.0,-13174,4830.950000000025
2025-08-13 11:29:59,sell,1.59,38,0.0,-13212,4830.950000000025
2025-08-13 11:40:27,buy,1.58,8619,0.24789736602821333,-4593,4831.197897366053
2025-08-13 12:04:23,buy,1.58,1425,0.04098546775614387,-3168,4831.23888283381
2025-08-13 12:04:25,buy,1.58,8275,0.09111716621155352,5107,4831.330000000022
2025-08-13 12:12:53,sell,1.58,9700,0.0,-4593,4831.330000000022
2025-08-13 12:22:18,sell,1.58,9700,0.0,-14293,4831.330000000022
2025-08-13 14:55:01,buy,1.59,14293,-142.93000000000012,0,4688.4000000000215
2025-08-14 11:23:07,sell,1.58,9700,0.0,-9700,4688.4000000000215
2025-08-14 13:22:04,sell,1.57,94,0.0,-9794,4688.4000000000215
2025-08-14 13:41:23,sell,1.57,1664,0.0,-11458,4688.4000000000215
2025-08-14 13:41:23,sell,1.57,6888,0.0,-18346,4688.4000000000215
2025-08-14 14:55:00,buy,1.58,18346,-86.45999999999921,0,4601.940000000022
2025-08-15 10:44:22,sell,1.57,1337,0.0,-1337,4601.940000000022
2025-08-15 11:45:06,sell,1.54,5337,0.0,-6674,4601.940000000022
2025-08-15 12:15:08,sell,1.54,6337,0.0,-13011,4601.940000000022
2025-08-15 12:49:08,sell,1.54,6033,0.0,-19044,4601.940000000022
2025-08-15 12:49:08,sell,1.54,304,0.0,-19348,4601.940000000022
2025-08-15 13:15:04,sell,1.54,52,0.0,-19400,4601.940000000022
2025-08-15 14:55:01,buy,1.55,19400,-153.8899999999952,0,4448.0500000000275
2025-08-18 10:41:05,sell,1.53,1000,0.0,-1000,4448.0500000000275
2025-08-18 11:00:14,sell,1.53,9700,0.0,-10700,4448.0500000000275
2025-08-18 11:33:09,sell,1.54,8700,0.0,-19400,4448.0500000000275
2025-08-18 11:54:58,buy,1.53,9700,43.499999999998984,-9700,4491.550000000027
2025-08-18 12:22:21,buy,1.53,9700,43.499999999998984,0,4535.050000000026
2025-08-18 13:21:10,sell,1.53,6402,0.0,-6402,4535.050000000026
2025-08-18 13:22:42,sell,1.53,4925,0.0,-11327,4535.050000000026
2025-08-18 13:33:28,buy,1.52,2000,19.999999999999574,-9327,4555.050000000026
2025-08-18 13:33:28,buy,1.52,2000,19.999999999999574,-7327,4575.050000000026
2025-08-18 13:33:28,buy,1.52,5700,56.999999999998785,-1627,4632.050000000025
2025-08-18 13:33:58,sell,1.52,9700,0.0,-11327,4632.050000000025
2025-08-18 14:25:40,sell,1.52,2444,0.0,-13771,4632.050000000025
2025-08-18 14:32:56,sell,1.52,5629,0.0,-19400,4632.050000000025
2025-08-18 15:00:20,buy,1.51,19400,210.26999999999458,0,4842.32000000002
2025-08-19 11:00:44,buy,1.53,2594,0.0,2594,4842.32000000002
2025-08-19 11:02:25,buy,1.53,1000,0.0,3594,4842.32000000002
2025-08-19 11:15:22,sell,1.54,9700,35.94000000000003,-6106,4878.260000000019
2025-08-19 11:51:17,buy,1.56,9700,-122.1200000000001,3594,4756.140000000019
2025-08-19 11:55:39,buy,1.56,9700,0.0,13294,4756.140000000019
2025-08-19 12:26:17,sell,1.57,9700,97.00000000000009,3594,4853.140000000019
2025-08-19 12:37:43,buy,1.57,9700,0.0,13294,4853.140000000019
2025-08-19 13:09:09,sell,1.57,2656,7.180430269294568,10638,4860.320430269314
2025-08-19 13:22:25,sell,1.57,2017,5.452909583270762,8621,4865.773339852584
2025-08-19 13:22:25,sell,1.57,3711,10.032596660147645,4910,4875.805936512732
2025-08-19 13:34:41,buy,1.56,5702,0.0,10612,4875.805936512732
2025-08-19 13:34:41,buy,1.56,3998,0.0,14610,4875.805936512732
2025-08-19 13:55:59,sell,1.56,9700,-23.7858716066625,4910,4852.02006490607
2025-08-19 14:18:58,sell,1.56,2752,-6.7483215114984745,2158,4845.271743394572
2025-08-19 14:35:35,buy,1.56,1240,0.0,3398,4845.271743394572
2025-08-19 14:40:36,buy,1.56,9700,0.0,13098,4845.271743394572
2025-08-19 14:55:00,sell,1.57,13098,125.68825660544957,0,4970.960000000021
2025-08-20 10:14:33,buy,1.56,6842,0.0,6842,4970.960000000021
2025-08-20 10:14:33,buy,1.56,2858,0.0,9700,4970.960000000021
2025-08-20 10:34:06,buy,1.55,6316,0.0,16016,4970.960000000021
2025-08-20 10:53:14,buy,1.55,3384,0.0,19400,4970.960000000021
2025-08-20 10:56:11,sell,1.56,1721,8.604999999999816,17679,4979.5650000000205
2025-08-20 11:18:21,sell,1.56,9700,48.49999999999896,7979,5028.06500000002
2025-08-20 12:14:18,buy,1.58,3403,0.0,11382,5028.06500000002
2025-08-20 12:14:42,buy,1.58,6297,0.0,17679,5028.06500000002
2025-08-20 12:26:59,sell,1.58,9700,109.44665987895318,7979,5137.511659878973
2025-08-20 13:02:14,buy,1.59,4362,0.0,12341,5137.511659878973
2025-08-20 13:03:02,buy,1.59,7059,0.0,19400,5137.511659878973
2025-08-20 13:30:28,sell,1.59,6469,56.626538259950166,12931,5194.138198138923
2025-08-20 13:37:49,sell,1.59,9700,84.90917006052197,3231,5279.047368199445
2025-08-20 13:45:03,buy,1.59,9700,0.0,12931,5279.047368199445
2025-08-20 14:08:56,buy,1.58,6469,0.0,19400,5279.047368199445
2025-08-20 14:31:12,sell,1.59,659,3.158194038998862,18741,5282.205562238444
2025-08-20 14:38:19,buy,1.58,659,0.0,19400,5282.205562238444
2025-08-20 14:55:00,sell,1.6,19400,290.4044377615718,0,5572.610000000016
2025-08-21 10:55:47,buy,1.57,1527,0.0,1527,5572.610000000016
2025-08-21 11:16:45,sell,1.58,9700,15.270000000000014,-8173,5587.8800000000165
2025-08-21 11:18:12,sell,1.59,7330,0.0,-15503,5587.8800000000165
2025-08-21 11:37:16,sell,1.6,3897,0.0,-19400,5587.8800000000165
2025-08-21 12:48:46,buy,1.61,2618,-58.130395876288574,-16782,5529.749604123728
2025-08-21 12:48:46,buy,1.61,1937,-43.009387628865916,-14845,5486.740216494863
2025-08-21 12:50:24,buy,1.61,1106,-24.557760824742232,-13739,5462.18245567012
2025-08-21 13:23:39,buy,1.61,3000,-66.61237113402052,-10739,5395.5700845361
2025-08-21 13:28:27,buy,1.61,1901,-42.21003917525767,-8838,5353.360045360842
2025-08-21 13:28:27,buy,1.61,162,-3.597068041237108,-8676,5349.762977319605
2025-08-21 13:32:56,buy,1.61,2485,-55.17724742268033,-6191,5294.585729896925
2025-08-21 13:32:56,buy,1.61,2515,-55.843371134020536,-3676,5238.742358762905
2025-08-21 13:43:38,sell,1.62,2194,0.0,-5870,5238.742358762905
2025-08-21 13:51:57,sell,1.62,9700,0.0,-15570,5238.742358762905
2025-08-21 13:51:59,buy,1.61,7479,17.925410328347148,-8091,5256.667769091252
2025-08-21 14:08:22,buy,1.61,1055,2.52858776526357,-7036,5259.196356856515
2025-08-21 14:08:22,buy,1.61,962,2.3056885594156915,-6074,5261.502045415931
2025-08-21 14:24:59,buy,1.61,2154,5.162633219315384,-3920,5266.664678635247
2025-08-21 14:25:26,buy,1.61,7546,9.395321364770801,3626,5276.060000000018
2025-08-21 14:29:45,buy,1.64,5733,0.0,9359,5276.060000000018
2025-08-21 14:29:45,buy,1.63,3967,0.0,13326,5276.060000000018
2025-08-21 14:55:00,sell,1.6,13326,-384.5899999999945,0,4891.470000000023
2025-08-22 10:57:45,buy,1.6,1617,0.0,1617,4891.470000000023
2025-08-22 11:10:07,sell,1.62,255,5.100000000000005,1362,4896.570000000023
2025-08-22 11:11:27,sell,1.62,744,14.880000000000013,618,4911.4500000000235
2025-08-22 11:11:27,sell,1.62,1075,12.36000000000001,-457,4923.810000000023
2025-08-22 11:11:27,sell,1.62,2154,0.0,-2611,4923.810000000023
2025-08-22 13:32:45,buy,1.64,9700,-52.22000000000005,7089,4871.590000000023
2025-08-22 14:44:20,sell,1.64,2214,0.0,4875,4871.590000000023
2025-08-22 14:44:20,sell,1.64,1142,0.0,3733,4871.590000000023
2025-08-22 14:44:20,sell,1.64,2017,0.0,1716,4871.590000000023
2025-08-22 14:44:20,sell,1.64,662,0.0,1054,4871.590000000023
2025-08-22 14:44:20,sell,1.64,538,0.0,516,4871.590000000023
2025-08-22 14:44:20,sell,1.64,2063,0.0,-1547,4871.590000000023
2025-08-22 14:44:20,sell,1.65,47,0.0,-1594,4871.590000000023
2025-08-22 14:55:01,buy,1.65,1594,-15.469999999999647,0,4856.1200000000235
2025-08-25 10:04:03,buy,1.63,5000,0.0,5000,4856.1200000000235
2025-08-25 10:04:03,buy,1.62,4700,0.0,9700,4856.1200000000235
2025-08-25 10:19:12,sell,1.64,9700,143.9999999999982,0,5000.120000000022
2025-08-25 10:28:15,buy,1.64,5687,0.0,5687,5000.120000000022
2025-08-25 10:51:07,buy,1.66,9700,0.0,15387,5000.120000000022
2025-08-25 10:52:55,sell,1.66,9700,71.70195619678748,5687,5071.821956196809
2025-08-25 10:52:58,buy,1.66,9700,0.0,15387,5071.821956196809
2025-08-25 11:02:55,buy,1.65,4013,0.0,19400,5071.821956196809
2025-08-25 11:11:18,sell,1.66,9700,41.08402190160447,9700,5112.9059780984135
2025-08-25 11:43:43,sell,1.66,9700,41.08402190160447,0,5153.990000000018
2025-08-25 12:02:57,sell,1.66,9700,0.0,-9700,5153.990000000018
2025-08-25 12:55:40,sell,1.67,9700,0.0,-19400,5153.990000000018
2025-08-25 14:55:00,buy,1.67,19400,-96.99999999999793,0,5056.99000000002
2025-08-26 10:09:04,sell,1.66,9700,0.0,-9700,5056.99000000002
2025-08-26 10:40:13,buy,1.66,228,0.0,-9472,5056.99000000002
2025-08-26 10:52:14,sell,1.67,3000,0.0,-12472,5056.99000000002
2025-08-26 10:52:14,sell,1.68,535,0.0,-13007,5056.99000000002
2025-08-26 10:57:26,buy,1.66,3272,10.23836395786823,-9735,5067.228363957888
2025-08-26 10:57:26,buy,1.66,195,0.6101714461443475,-9540,5067.838535404033
2025-08-26 10:57:26,buy,1.66,5410,16.92834627508164,-4130,5084.766881679115
2025-08-26 10:57:26,buy,1.65,823,10.805236411163074,-3307,5095.572118090277
2025-08-26 11:19:20,buy,1.64,195,4.510171446144351,-3112,5100.082289536422
2025-08-26 11:19:20,buy,1.64,1825,42.210578919043286,-1287,5142.292868455465
2025-08-26 11:29:42,sell,1.65,1825,0.0,-3112,5142.292868455465
2025-08-26 11:29:42,sell,1.66,1710,0.0,-4822,5142.292868455465
2025-08-26 11:42:50,sell,1.65,198,0.0,-5020,5142.292868455465
2025-08-26 11:49:45,sell,1.65,688,0.0,-5708,5142.292868455465
2025-08-26 11:54:08,sell,1.63,780,0.0,-6488,5142.292868455465
2025-08-26 11:57:07,sell,1.65,3161,0.0,-9649,5142.292868455465
2025-08-26 11:57:07,sell,1.65,6539,0.0,-16188,5142.292868455465
2025-08-26 12:21:34,buy,1.63,9700,205.02373214616577,-6488,5347.316600601631
2025-08-26 12:43:45,buy,1.63,195,4.121611110154879,-6293,5351.438211711786
2025-08-26 14:09:22,buy,1.62,590,18.370515666622328,-5703,5369.808727378408
2025-08-26 14:12:21,buy,1.62,2399,74.69638488852029,-3304,5444.505112266928
2025-08-26 14:15:34,buy,1.63,4519,69.83488773308575,1215,5514.340000000014
2025-08-26 14:15:34,buy,1.63,5181,0.0,6396,5514.340000000014
2025-08-26 14:38:06,buy,1.62,7876,0.0,14272,5514.340000000014
2025-08-26 14:55:01,sell,1.66,14272,506.9200000000002,0,6021.260000000014
2025-08-27 11:26:05,buy,1.64,9700,0.0,9700,6021.260000000014
2025-08-27 13:44:00,buy,1.64,9700,0.0,19400,6021.260000000014
2025-08-27 14:23:17,sell,1.65,7103,71.03000000000006,12297,6092.290000000014
2025-08-27 14:26:36,sell,1.65,2327,23.27000000000002,9970,6115.560000000014
2025-08-27 14:26:36,sell,1.65,3135,31.350000000000026,6835,6146.910000000014
2025-08-27 14:26:36,sell,1.65,2269,22.69000000000002,4566,6169.600000000014
2025-08-27 14:29:08,sell,1.65,3732,37.320000000000036,834,6206.920000000014
2025-08-27 14:29:08,sell,1.65,4802,8.340000000000007,-3968,6215.260000000014
2025-08-27 14:32:11,sell,1.65,8080,0.0,-12048,6215.260000000014
2025-08-27 14:35:01,sell,1.65,7352,0.0,-19400,6215.260000000014
2025-08-27 14:38:47,buy,1.64,9700,97.00000000000009,-9700,6312.260000000014
2025-08-27 14:55:00,buy,1.65,9700,0.0,0,6312.260000000014
2025-08-28 14:40:25,sell,1.63,1183,0.0,-1183,6312.260000000014
2025-08-28 14:55:00,buy,1.62,1183,11.829999999999748,0,6324.090000000014
2025-08-29 10:01:23,sell,1.63,8000,0.0,-8000,6324.090000000014
2025-08-29 10:01:23,sell,1.63,1700,0.0,-9700,6324.090000000014
2025-08-29 10:03:31,sell,1.64,170,0.0,-9870,6324.090000000014
2025-08-29 10:03:31,sell,1.64,4830,0.0,-14700,6324.090000000014
2025-08-29 10:07:58,buy,1.64,2105,-13.890136054422014,-12595,6310.1998639455915
2025-08-29 10:12:12,buy,1.64,2154,-14.213469387755353,-10441,6295.986394557836
2025-08-29 10:17:04,buy,1.64,2036,-13.434829931973026,-8405,6282.551564625864
2025-08-29 10:43:55,buy,1.64,8616,-55.46156462585132,211,6227.090000000012
2025-08-29 10:44:53,buy,1.64,2172,0.0,2383,6227.090000000012
2025-08-29 10:56:36,buy,1.64,22,0.0,2405,6227.090000000012
2025-08-29 10:56:36,buy,1.64,9678,0.0,12083,6227.090000000012
2025-08-29 11:01:46,sell,1.66,7900,158.00000000000014,4183,6385.090000000012
2025-08-29 11:14:45,sell,1.66,9700,83.66000000000007,-5517,6468.750000000012
2025-08-29 11:15:12,buy,1.65,9700,55.17000000000005,4183,6523.920000000012
2025-08-29 11:18:10,buy,1.65,9700,0.0,13883,6523.920000000012
2025-08-29 14:37:04,buy,1.63,5517,0.0,19400,6523.920000000012
2025-08-29 14:44:41,sell,1.63,186,-2.6621010309278557,19214,6521.257898969084
2025-08-29 14:44:41,sell,1.63,1138,-16.287478350515592,18076,6504.970420618568
2025-08-29 14:55:00,sell,1.64,18076,-77.95042061855854,0,6427.0200000000095
2025-09-01 10:38:38,sell,1.63,4233,0.0,-4233,6427.0200000000095
2025-09-01 12:03:02,sell,1.61,3934,0.0,-8167,6427.0200000000095
2025-09-01 12:13:00,sell,1.61,9700,0.0,-17867,6427.0200000000095
2025-09-01 13:00:32,buy,1.61,969,4.5914557564223974,-16898,6431.6114557564315
2025-09-01 14:07:59,buy,1.61,1017,4.818896289248275,-15881,6436.43035204568
2025-09-01 14:08:07,buy,1.61,8683,41.143044719314425,-7198,6477.573396764994
2025-09-01 14:33:44,buy,1.61,2628,12.45236917221678,-4570,6490.025765937211
2025-09-01 14:33:44,buy,1.61,7072,21.654234062797066,2502,6511.6800000000085
2025-09-01 14:56:12,sell,1.61,2502,0.0,0,6511.6800000000085
2025-09-02 13:19:20,sell,1.57,9700,0.0,-9700,6511.6800000000085
2025-09-02 13:21:55,buy,1.57,691,0.0,-9009,6511.6800000000085
2025-09-02 13:22:12,buy,1.57,4507,0.0,-4502,6511.6800000000085
2025-09-02 13:22:12,buy,1.57,493,0.0,-4009,6511.6800000000085
2025-09-02 13:22:15,buy,1.57,4009,0.0,0,6511.6800000000085
2025-09-02 13:46:46,sell,1.57,2057,0.0,-2057,6511.6800000000085
2025-09-02 13:46:46,sell,1.57,7643,0.0,-9700,6511.6800000000085
2025-09-02 14:55:00,buy,1.58,9700,-97.00000000000009,0,6414.6800000000085
2025-09-03 10:00:00,buy,1.56,1012,0.0,1012,6414.6800000000085
2025-09-03 10:00:00,buy,1.56,425,0.0,1437,6414.6800000000085
2025-09-03 10:46:17,sell,1.57,9700,14.369999999999694,-8263,6429.050000000008
2025-09-03 11:05:23,sell,1.58,3159,0.0,-11422,6429.050000000008
2025-09-03 11:05:29,sell,1.58,6541,0.0,-17963,6429.050000000008
2025-09-03 11:31:08,sell,1.59,1437,0.0,-19400,6429.050000000008
2025-09-03 12:18:09,buy,1.59,9700,-131.12999999999826,-9700,6297.92000000001
2025-09-03 12:21:08,sell,1.59,6347,0.0,-16047,6297.92000000001
2025-09-03 12:21:08,sell,1.59,3353,0.0,-19400,6297.92000000001
2025-09-03 12:29:59,buy,1.58,100,0.3240721649484746,-19300,6298.244072164958
2025-09-03 12:29:59,buy,1.58,710,2.3009123711341695,-18590,6300.544984536093
2025-09-03 12:29:59,buy,1.58,8771,28.424369587630704,-9819,6328.969354123723
2025-09-03 12:29:59,buy,1.58,119,0.38564587628868474,-9700,6329.355000000011
2025-09-03 12:53:41,buy,1.58,669,2.168042783505295,-9031,6331.523042783517
2025-09-03 12:53:41,buy,1.58,6633,21.49570670103232,-2398,6353.0187494845495
2025-09-03 12:53:41,buy,1.58,2398,7.77125051546442,0,6360.790000000014
2025-09-03 14:38:29,sell,1.59,9700,0.0,-9700,6360.790000000014
2025-09-03 14:55:01,buy,1.6,9700,-97.00000000000009,0,6263.790000000014
2025-09-04 10:00:41,buy,1.6,1448,0.0,1448,6263.790000000014
2025-09-04 10:00:49,buy,1.6,1000,0.0,2448,6263.790000000014
2025-09-04 10:56:38,buy,1.61,9700,0.0,12148,6263.790000000014
2025-09-04 10:57:38,buy,1.61,6265,0.0,18413,6263.790000000014
2025-09-04 10:57:38,buy,1.61,987,0.0,19400,6263.790000000014
2025-09-04 14:55:01,sell,1.62,19400,218.47999999999743,0,6482.270000000011
2025-09-08 10:55:46,buy,1.61,4483,0.0,4483,6482.270000000011
2025-09-08 10:55:46,buy,1.61,5217,0.0,9700,6482.270000000011
2025-09-08 11:12:59,sell,1.61,2923,0.0,6777,6482.270000000011
2025-09-08 11:12:59,sell,1.62,452,4.520000000000004,6325,6486.790000000012
2025-09-08 11:12:59,sell,1.62,2063,20.630000000000017,4262,6507.420000000012
2025-09-08 11:12:59,sell,1.62,3000,30.00000000000003,1262,6537.420000000012
2025-09-08 11:12:59,sell,1.62,1262,12.620000000000012,0,6550.040000000012
2025-09-08 11:59:41,sell,1.62,9700,0.0,-9700,6550.040000000012
2025-09-08 11:59:41,buy,1.62,9700,0.0,0,6550.040000000012
2025-09-08 12:05:27,sell,1.62,6173,0.0,-6173,6550.040000000012
2025-09-08 12:05:37,sell,1.62,3527,0.0,-9700,6550.040000000012
2025-09-08 13:36:16,buy,1.59,3654,109.6200000000001,-6046,6659.660000000012
2025-09-08 13:36:16,buy,1.59,6046,181.38000000000017,0,6841.040000000012
2025-09-08 13:52:46,sell,1.59,3120,0.0,-3120,6841.040000000012
2025-09-08 14:26:01,buy,1.61,3403,-62.400000000000055,283,6778.640000000012
2025-09-08 14:26:01,buy,1.61,6297,0.0,6580,6778.640000000012
2025-09-08 14:26:36,buy,1.6,9700,0.0,16280,6778.640000000012
2025-09-08 14:41:58,sell,1.6,5723,-23.131044226043382,10557,6755.508955773968
2025-09-08 14:44:47,sell,1.6,6242,-25.22872235872144,4315,6730.280233415247
2025-09-08 14:44:47,sell,1.6,2846,-11.502874692874274,1469,6718.777358722372
2025-09-08 14:55:00,sell,1.62,1469,23.44264127764152,0,6742.220000000013
2025-09-09 11:15:43,sell,1.61,298,0.0,-298,6742.220000000013
2025-09-09 11:15:43,sell,1.61,9402,0.0,-9700,6742.220000000013
2025-09-09 11:24:13,buy,1.6,9700,97.00000000000009,0,6839.220000000013
2025-09-09 11:24:59,sell,1.6,1673,0.0,-1673,6839.220000000013
2025-09-09 11:27:00,sell,1.6,7001,0.0,-8674,6839.220000000013
2025-09-09 11:33:28,sell,1.6,7316,0.0,-15990,6839.220000000013
2025-09-09 11:35:24,sell,1.6,3410,0.0,-19400,6839.220000000013
2025-09-09 12:23:58,buy,1.59,9700,97.00000000000009,-9700,6936.220000000013
2025-09-09 12:45:11,sell,1.59,9700,0.0,-19400,6936.220000000013
2025-09-09 12:58:22,buy,1.59,9700,48.49999999999896,-9700,6984.720000000012
2025-09-09 13:04:35,buy,1.59,9700,48.49999999999896,0,7033.220000000011
2025-09-09 13:10:45,buy,1.59,9700,0.0,9700,7033.220000000011
2025-09-09 13:14:07,sell,1.59,1286,0.0,8414,7033.220000000011
2025-09-09 13:14:38,sell,1.59,9700,0.0,-1286,7033.220000000011
2025-09-09 13:26:44,buy,1.59,3705,0.0,2419,7033.220000000011
2025-09-09 13:26:44,buy,1.59,5995,0.0,8414,7033.220000000011
2025-09-09 13:48:53,buy,1.59,3705,0.0,12119,7033.220000000011
2025-09-09 13:48:53,buy,1.59,5995,0.0,18114,7033.220000000011
2025-09-09 13:49:32,sell,1.6,4547,45.47000000000004,13567,7078.690000000011
2025-09-09 13:50:31,sell,1.6,6891,68.91000000000007,6676,7147.600000000011
2025-09-09 13:51:36,sell,1.6,6230,62.300000000000054,446,7209.9000000000115
2025-09-09 13:52:34,sell,1.6,7209,4.460000000000004,-6763,7214.3600000000115
2025-09-09 13:53:41,sell,1.6,4061,0.0,-10824,7214.3600000000115
2025-09-09 13:53:41,sell,1.6,2537,0.0,-13361,7214.3600000000115
2025-09-09 13:54:34,sell,1.6,6039,0.0,-19400,7214.3600000000115
2025-09-09 14:08:58,buy,1.59,9700,97.00000000000009,-9700,7311.3600000000115
2025-09-09 14:29:13,sell,1.6,2540,0.0,-12240,7311.3600000000115
2025-09-09 14:29:13,sell,1.6,34,0.0,-12274,7311.3600000000115
2025-09-09 14:30:01,sell,1.6,7071,0.0,-19345,7311.3600000000115
2025-09-09 14:30:51,sell,1.6,55,0.0,-19400,7311.3600000000115
2025-09-09 14:31:24,buy,1.59,9700,97.00000000000009,-9700,7408.3600000000115
2025-09-09 14:55:00,buy,1.6,9700,0.0,0,7408.3600000000115
2025-09-10 10:16:14,buy,1.6,898,0.0,898,7408.3600000000115
2025-09-10 10:36:53,sell,1.61,9700,8.980000000000008,-8802,7417.340000000011
2025-09-10 10:46:48,buy,1.61,9700,0.0,898,7417.340000000011
2025-09-10 10:52:54,buy,1.6,251,0.0,1149,7417.340000000011
2025-09-10 10:52:54,buy,1.6,5782,0.0,6931,7417.340000000011
2025-09-10 11:47:34,sell,1.59,620,-7.003289568604942,6311,7410.336710431406
2025-09-10 11:47:34,sell,1.59,439,-4.958780839705757,5872,7405.3779295917
2025-09-10 12:17:36,sell,1.59,5266,-59.482778819796174,606,7345.895150771904
2025-09-10 12:17:36,sell,1.59,1453,-6.845150771894508,-847,7339.050000000009
2025-09-10 13:00:13,sell,1.59,1909,0.0,-2756,7339.050000000009
2025-09-10 13:00:13,sell,1.59,285,0.0,-3041,7339.050000000009
2025-09-10 13:00:13,sell,1.59,384,0.0,-3425,7339.050000000009
2025-09-10 13:00:13,sell,1.59,1171,0.0,-4596,7339.050000000009
2025-09-10 13:00:13,sell,1.59,439,0.0,-5035,7339.050000000009
2025-09-10 13:04:42,buy,1.58,3301,33.010000000000026,-1734,7372.0600000000095
2025-09-10 13:59:34,sell,1.58,226,0.0,-1960,7372.0600000000095
2025-09-10 14:11:36,sell,1.58,954,0.0,-2914,7372.0600000000095
2025-09-10 14:11:36,sell,1.58,143,0.0,-3057,7372.0600000000095
2025-09-10 14:11:36,sell,1.58,192,0.0,-3249,7372.0600000000095
2025-09-10 14:11:36,sell,1.58,585,0.0,-3834,7372.0600000000095
2025-09-10 14:11:36,sell,1.58,220,0.0,-4054,7372.0600000000095
2025-09-10 14:13:38,sell,1.58,6459,0.0,-10513,7372.0600000000095
2025-09-10 14:31:31,sell,1.57,8887,0.0,-19400,7372.0600000000095
2025-09-10 14:34:44,buy,1.56,6092,99.37810515463866,-13308,7471.438105154648
2025-09-10 14:34:44,buy,1.56,3608,58.856894845360515,-9700,7530.295000000008
2025-09-10 14:35:35,buy,1.56,6987,113.97813865979322,-2713,7644.273138659802
2025-09-10 14:35:35,buy,1.55,2713,71.38686134020598,0,7715.660000000007
2025-09-10 14:38:04,buy,1.54,8455,0.0,8455,7715.660000000007
2025-09-10 14:39:10,buy,1.54,7140,0.0,15595,7715.660000000007
2025-09-10 14:43:09,buy,1.54,1954,0.0,17549,7715.660000000007
2025-09-10 14:44:50,buy,1.54,1851,0.0,19400,7715.660000000007
2025-09-10 14:55:00,sell,1.55,19400,193.99999999999585,0,7909.660000000003
2025-09-11 10:17:59,buy,1.56,344,0.0,344,7909.660000000003
2025-09-11 10:49:11,buy,1.56,4250,0.0,4594,7909.660000000003
2025-09-11 10:49:25,buy,1.56,1552,0.0,6146,7909.660000000003
2025-09-11 10:49:25,buy,1.56,3898,0.0,10044,7909.660000000003
2025-09-11 11:43:59,buy,1.56,1119,0.0,11163,7909.660000000003
2025-09-11 11:43:59,buy,1.56,8237,0.0,19400,7909.660000000003
2025-09-11 12:36:47,sell,1.57,5422,54.22000000000005,13978,7963.880000000003
2025-09-11 12:50:27,sell,1.57,947,9.470000000000008,13031,7973.350000000003
2025-09-11 12:51:14,sell,1.57,832,8.320000000000007,12199,7981.670000000003
2025-09-11 13:11:39,sell,1.57,417,4.1700000000000035,11782,7985.840000000003
2025-09-11 13:50:19,sell,1.57,3804,38.040000000000035,7978,8023.880000000003
2025-09-11 13:50:19,sell,1.57,1574,15.740000000000014,6404,8039.620000000003
2025-09-11 13:54:12,sell,1.57,947,9.470000000000008,5457,8049.090000000003
2025-09-11 14:04:46,sell,1.57,1000,10.000000000000009,4457,8059.090000000003
2025-09-11 14:14:02,sell,1.57,6000,44.57000000000004,-1543,8103.660000000003
2025-09-11 14:15:19,sell,1.57,5000,0.0,-6543,8103.660000000003
2025-09-11 14:15:23,sell,1.57,4700,0.0,-11243,8103.660000000003
2025-09-11 14:55:00,buy,1.57,11243,2.496447493172127e-12,0,8103.660000000005
2025-09-12 10:26:56,sell,1.58,2017,0.0,-2017,8103.660000000005
2025-09-12 10:26:56,sell,1.58,2646,0.0,-4663,8103.660000000005
2025-09-12 12:47:17,buy,1.57,106,1.0600000000000245,-4557,8104.720000000006
2025-09-12 12:47:17,buy,1.57,9594,45.57000000000105,5037,8150.290000000006
2025-09-12 12:47:54,sell,1.57,455,0.0,4582,8150.290000000006
2025-09-12 12:47:54,sell,1.57,1005,0.0,3577,8150.290000000006
2025-09-12 12:47:54,sell,1.57,2957,0.0,620,8150.290000000006
2025-09-12 12:47:54,sell,1.58,453,4.530000000000004,167,8154.820000000006
2025-09-12 12:47:54,sell,1.58,4830,1.6700000000000015,-4663,8156.490000000006
2025-09-12 14:14:30,buy,1.57,869,8.690000000000008,-3794,8165.180000000006
2025-09-12 14:18:32,sell,1.58,318,0.0,-4112,8165.180000000006
2025-09-12 14:18:32,sell,1.58,1593,0.0,-5705,8165.180000000006
2025-09-12 14:18:32,sell,1.58,1585,0.0,-7290,8165.180000000006
2025-09-12 14:18:32,sell,1.58,1085,0.0,-8375,8165.180000000006
2025-09-12 14:29:55,sell,1.58,1063,0.0,-9438,8165.180000000006
2025-09-12 14:29:55,sell,1.58,79,0.0,-9517,8165.180000000006
2025-09-12 14:31:24,sell,1.58,6694,0.0,-16211,8165.180000000006
2025-09-12 14:32:26,buy,1.57,4076,40.76000000000003,-12135,8205.940000000006
2025-09-12 14:39:49,sell,1.58,2913,0.0,-15048,8205.940000000006
2025-09-12 14:42:47,buy,1.57,3777,37.77000000000003,-11271,8243.710000000006
2025-09-12 14:44:45,buy,1.57,223,2.230000000000002,-11048,8245.940000000006
2025-09-12 14:44:45,buy,1.57,7279,72.79000000000006,-3769,8318.730000000007
2025-09-12 14:44:45,buy,1.57,2198,21.980000000000018,-1571,8340.710000000006
2025-09-12 14:55:00,buy,1.57,1571,15.710000000000013,0,8356.420000000006
2025-09-15 10:00:00,sell,1.59,278,0.0,-278,8356.420000000006
2025-09-15 10:00:00,sell,1.59,131,0.0,-409,8356.420000000006
2025-09-15 11:45:22,buy,1.58,5800,4.090000000000003,5391,8360.510000000006
2025-09-15 11:45:22,buy,1.58,3900,0.0,9291,8360.510000000006
2025-09-15 13:04:25,sell,1.59,274,2.7400000000000024,9017,8363.250000000005
2025-09-15 13:04:25,sell,1.59,9426,90.17000000000009,-409,8453.420000000006
2025-09-15 13:48:12,sell,1.59,3297,0.0,-3706,8453.420000000006
2025-09-15 13:50:50,sell,1.59,2533,0.0,-6239,8453.420000000006
2025-09-15 13:50:50,sell,1.59,7167,0.0,-13406,8453.420000000006
2025-09-15 14:03:04,buy,1.59,3955,0.0,-9451,8453.420000000006
2025-09-15 14:03:04,buy,1.59,5745,0.0,-3706,8453.420000000006
2025-09-15 14:06:07,sell,1.59,8445,0.0,-12151,8453.420000000006
2025-09-15 14:06:07,sell,1.59,1255,0.0,-13406,8453.420000000006
2025-09-15 14:09:48,buy,1.59,9700,0.0,-3706,8453.420000000006
2025-09-15 14:10:10,sell,1.59,9700,0.0,-13406,8453.420000000006
2025-09-15 14:22:35,sell,1.59,2484,0.0,-15890,8453.420000000006
2025-09-15 14:27:21,sell,1.59,3510,0.0,-19400,8453.420000000006
2025-09-15 14:55:00,buy,1.59,19400,0.0,0,8453.420000000006
2025-09-16 11:09:52,sell,1.59,213,0.0,-213,8453.420000000006
2025-09-16 11:09:52,sell,1.59,182,0.0,-395,8453.420000000006
2025-09-16 11:09:52,sell,1.59,3287,0.0,-3682,8453.420000000006
2025-09-16 11:20:43,sell,1.59,455,0.0,-4137,8453.420000000006
2025-09-16 11:38:07,sell,1.59,5000,0.0,-9137,8453.420000000006
2025-09-16 11:54:17,sell,1.59,1256,0.0,-10393,8453.420000000006
2025-09-16 12:00:34,sell,1.59,493,0.0,-10886,8453.420000000006
2025-09-16 12:43:34,sell,1.59,948,0.0,-11834,8453.420000000006
2025-09-16 13:31:41,sell,1.59,237,0.0,-12071,8453.420000000006
2025-09-16 13:31:41,sell,1.59,711,0.0,-12782,8453.420000000006
2025-09-16 13:53:31,sell,1.59,1000,0.0,-13782,8453.420000000006
2025-09-16 13:56:05,sell,1.59,443,0.0,-14225,8453.420000000006
2025-09-16 13:56:05,sell,1.59,5175,0.0,-19400,8453.420000000006
2025-09-16 13:56:59,buy,1.59,5000,0.0,-14400,8453.420000000006
2025-09-16 13:59:23,buy,1.59,9700,0.0,-4700,8453.420000000006
2025-09-16 14:28:40,buy,1.59,1818,0.0,-2882,8453.420000000006
2025-09-16 14:28:40,buy,1.59,7882,0.0,5000,8453.420000000006
2025-09-16 14:44:51,buy,1.59,8261,0.0,13261,8453.420000000006
2025-09-16 14:44:51,buy,1.58,1439,0.0,14700,8453.420000000006
2025-09-16 14:55:00,sell,1.6,14700,161.39000000000453,0,8614.81000000001
2025-09-17 10:42:00,buy,1.59,3571,0.0,3571,8614.81000000001
2025-09-17 10:52:49,buy,1.59,2041,0.0,5612,8614.81000000001
2025-09-17 10:52:49,buy,1.59,7659,0.0,13271,8614.81000000001
2025-09-17 10:58:28,sell,1.59,6449,1.431965657161527e-12,6822,8614.810000000012
2025-09-17 10:58:28,sell,1.59,3251,7.218670106112768e-13,3571,8614.810000000012
2025-09-17 12:15:42,buy,1.58,5942,0.0,9513,8614.810000000012
2025-09-17 12:15:42,buy,1.58,3758,0.0,13271,8614.810000000012
2025-09-17 12:25:29,buy,1.58,6129,0.0,19400,8614.810000000012
2025-09-17 13:34:01,sell,1.58,3602,-6.63027938144301,15798,8608.17972061857
2025-09-17 13:37:33,sell,1.58,29,-0.05338092783504922,15769,8608.126339690734
2025-09-17 13:43:24,sell,1.58,4779,-8.796808762886215,10990,8599.329530927847
2025-09-17 13:43:24,sell,1.58,1369,-2.5199479381442202,9621,8596.809582989703
2025-09-17 13:47:12,sell,1.58,9700,-17.70958298968995,-79,8579.100000000013
2025-09-17 14:18:23,buy,1.57,4754,0.7900000000000007,4675,8579.890000000014
2025-09-17 14:18:31,buy,1.57,449,0.0,5124,8579.890000000014
2025-09-17 14:18:31,buy,1.57,2951,0.0,8075,8579.890000000014
2025-09-17 14:42:37,sell,1.57,7673,0.0,402,8579.890000000014
2025-09-17 14:44:30,sell,1.57,818,0.0,-416,8579.890000000014
2025-09-17 14:55:00,buy,1.59,416,-8.320000000000007,0,8571.570000000014
2025-09-18 10:51:28,buy,1.56,6981,0.0,6981,8571.570000000014
2025-09-18 10:51:59,buy,1.56,2054,0.0,9035,8571.570000000014
2025-09-18 10:52:04,buy,1.56,3965,0.0,13000,8571.570000000014
2025-09-18 10:52:04,buy,1.56,1339,0.0,14339,8571.570000000014
2025-09-18 10:57:16,buy,1.56,2017,0.0,16356,8571.570000000014
2025-09-18 12:24:29,buy,1.56,2063,0.0,18419,8571.570000000014
2025-09-18 14:34:08,buy,1.57,981,0.0,19400,8571.570000000014
2025-09-18 14:55:01,sell,1.59,19400,572.190000000005,0,9143.76000000002
2025-09-19 12:05:16,buy,1.57,872,0.0,872,9143.76000000002
2025-09-19 12:20:29,buy,1.57,600,0.0,1472,9143.76000000002
2025-09-19 13:14:08,buy,1.57,200,0.0,1672,9143.76000000002
2025-09-19 14:38:28,sell,1.58,9700,16.720000000000013,-8028,9160.48000000002
2025-09-19 14:55:01,buy,1.58,8028,0.0,0,9160.48000000002
2025-09-22 10:02:17,sell,1.58,4603,0.0,-4603,9160.48000000002
2025-09-22 10:02:17,sell,1.58,1776,0.0,-6379,9160.48000000002
2025-09-22 10:02:20,sell,1.58,3321,0.0,-9700,9160.48000000002
2025-09-22 10:12:12,buy,1.58,9700,0.0,0,9160.48000000002
2025-09-22 12:52:49,sell,1.57,9700,0.0,-9700,9160.48000000002
2025-09-22 14:55:00,buy,1.57,9700,0.0,0,9160.48000000002
2025-09-23 10:24:21,sell,1.57,555,0.0,-555,9160.48000000002
2025-09-23 10:24:21,sell,1.57,405,0.0,-960,9160.48000000002
2025-09-23 11:35:12,sell,1.57,9700,0.0,-10660,9160.48000000002
2025-09-23 11:51:32,sell,1.57,5000,0.0,-15660,9160.48000000002
2025-09-23 11:51:32,sell,1.57,3740,0.0,-19400,9160.48000000002
2025-09-23 12:34:50,buy,1.56,8197,81.97000000000007,-11203,9242.450000000019
2025-09-23 12:34:50,buy,1.56,1503,15.030000000000014,-9700,9257.48000000002
2025-09-23 12:39:07,buy,1.56,9700,97.00000000000009,0,9354.48000000002
2025-09-23 13:17:55,sell,1.54,957,0.0,-957,9354.48000000002
2025-09-23 14:55:00,buy,1.54,957,0.0,0,9354.48000000002
2025-09-24 10:00:01,sell,1.56,5318,0.0,-5318,9354.48000000002
2025-09-24 10:00:01,sell,1.56,4382,0.0,-9700,9354.48000000002
2025-09-24 10:02:10,buy,1.56,690,0.0,-9010,9354.48000000002
2025-09-24 10:54:44,buy,1.56,9700,0.0,690,9354.48000000002
2025-09-24 11:59:11,sell,1.56,9700,0.0,-9010,9354.48000000002
2025-09-24 13:36:58,sell,1.55,6136,0.0,-15146,9354.48000000002
2025-09-24 13:36:58,sell,1.55,3564,0.0,-18710,9354.48000000002
2025-09-24 14:08:44,buy,1.55,9700,46.711384286478854,-9010,9401.191384286498
2025-09-24 14:24:03,sell,1.55,334,0.0,-9344,9401.191384286498
2025-09-24 14:35:23,sell,1.55,2583,0.0,-11927,9401.191384286498
2025-09-24 14:44:43,sell,1.55,6630,0.0,-18557,9401.191384286498
2025-09-24 14:55:00,buy,1.53,18557,414.5286157135258,0,9815.720000000023
2025-09-25 10:00:01,sell,1.56,843,0.0,-843,9815.720000000023
2025-09-25 14:28:45,sell,1.49,9700,0.0,-10543,9815.720000000023
2025-09-25 14:31:51,buy,1.48,3378,52.686931613393114,-7165,9868.406931613416
2025-09-25 14:31:51,buy,1.48,6322,98.60473110120523,-843,9967.01166271462
2025-09-25 14:39:45,sell,1.49,9700,0.0,-10543,9967.01166271462
2025-09-25 14:55:01,buy,1.48,10543,110.14833728540233,0,10077.160000000022
2025-09-26 11:56:25,sell,1.51,9700,0.0,-9700,10077.160000000022
2025-09-26 12:41:37,buy,1.5,3619,36.19000000000003,-6081,10113.350000000022
2025-09-26 12:41:37,buy,1.5,4304,43.040000000000035,-1777,10156.390000000023
2025-09-26 12:41:37,buy,1.5,1777,17.770000000000017,0,10174.160000000024
2025-09-26 13:14:02,sell,1.51,1844,0.0,-1844,10174.160000000024
2025-09-26 13:14:02,sell,1.51,546,0.0,-2390,10174.160000000024
2025-09-26 13:14:02,sell,1.51,4454,0.0,-6844,10174.160000000024
2025-09-26 13:14:02,sell,1.51,2856,0.0,-9700,10174.160000000024
2025-09-26 13:27:30,buy,1.5,1191,11.91000000000001,-8509,10186.070000000023
2025-09-26 13:27:30,buy,1.5,8509,85.09000000000007,0,10271.160000000024
2025-09-26 13:28:03,buy,1.5,9700,0.0,9700,10271.160000000024
2025-09-26 13:29:40,sell,1.51,7995,79.95000000000007,1705,10351.110000000024
2025-09-26 13:30:57,buy,1.5,9700,0.0,11405,10351.110000000024
2025-09-26 13:56:34,sell,1.5,2975,0.0,8430,10351.110000000024
2025-09-26 13:56:34,sell,1.5,492,0.0,7938,10351.110000000024
2025-09-26 13:56:34,sell,1.5,4300,0.0,3638,10351.110000000024
2025-09-26 13:56:34,sell,1.5,1933,0.0,1705,10351.110000000024
2025-09-26 14:40:57,buy,1.5,2395,0.0,4100,10351.110000000024
2025-09-26 14:40:57,buy,1.5,74,0.0,4174,10351.110000000024
2025-09-26 14:40:57,buy,1.5,3365,0.0,7539,10351.110000000024
2025-09-26 14:40:57,buy,1.5,3109,0.0,10648,10351.110000000024
2025-09-26 14:55:00,sell,1.58,10648,851.8400000000007,0,11202.950000000024
2025-09-29 10:00:00,buy,1.48,8752,0.0,8752,11202.950000000024
2025-09-29 10:14:46,buy,1.49,9700,0.0,18452,11202.950000000024
2025-09-29 10:25:49,sell,1.51,9700,240.00823758942067,8752,11442.958237589444
2025-09-29 10:26:17,buy,1.51,9700,0.0,18452,11442.958237589444
2025-09-29 10:26:49,sell,1.51,9700,113.83872183950905,8752,11556.796959428953
2025-09-29 10:34:10,sell,1.51,9700,102.71304057107044,-948,11659.510000000024
2025-09-29 10:34:10,buy,1.51,6095,0.0,5147,11659.510000000024
2025-09-29 10:56:43,buy,1.52,9700,0.0,14847,11659.510000000024
2025-09-29 11:23:08,buy,1.52,4553,0.0,19400,11659.510000000024
2025-09-29 11:34:36,sell,1.53,2393,30.27885103092777,17007,11689.788851030951
2025-09-29 11:34:36,sell,1.53,7307,92.45614896907196,9700,11782.245000000023
2025-09-29 12:15:29,sell,1.53,9700,122.73499999999973,0,11904.980000000023
2025-09-29 13:16:39,sell,1.53,9700,0.0,-9700,11904.980000000023
2025-09-29 13:27:03,sell,1.53,4328,0.0,-14028,11904.980000000023
2025-09-29 13:38:00,sell,1.53,5372,0.0,-19400,11904.980000000023
2025-09-29 14:27:33,buy,1.52,427,4.270000000000004,-18973,11909.250000000024
2025-09-29 14:27:48,buy,1.52,4311,43.110000000000035,-14662,11952.360000000024
2025-09-29 14:28:01,buy,1.52,4942,49.420000000000044,-9720,12001.780000000024
2025-09-29 14:28:19,buy,1.52,20,0.20000000000000018,-9700,12001.980000000025
2025-09-29 14:55:01,buy,1.53,9700,0.0,0,12001.980000000025
2025-09-30 10:25:58,buy,1.54,9700,0.0,9700,12001.980000000025
2025-09-30 10:30:15,buy,1.53,1362,0.0,11062,12001.980000000025
2025-09-30 10:31:05,sell,1.53,9700,-85.0569517266315,1362,11916.923048273393
2025-09-30 10:33:04,sell,1.53,1133,-9.935002711986957,229,11906.988045561406
2025-09-30 11:56:00,buy,1.53,8823,0.0,9052,11906.988045561406
2025-09-30 11:56:00,buy,1.53,877,0.0,9929,11906.988045561406
2025-09-30 13:12:07,sell,1.54,980,9.60180434584004,8949,11916.589849907246
2025-09-30 13:12:07,sell,1.54,1192,11.678929367593193,7757,11928.26877927484
2025-09-30 13:12:07,sell,1.54,1194,11.698524886666336,6563,11939.967304161506
2025-09-30 13:12:07,sell,1.54,6334,62.0590089046437,229,12002.02631306615
2025-09-30 13:40:39,buy,1.54,4599,0.0,4828,12002.02631306615
2025-09-30 13:40:39,buy,1.54,5101,0.0,9929,12002.02631306615
2025-09-30 13:51:39,buy,1.54,9471,0.0,19400,12002.02631306615
2025-09-30 13:58:17,sell,1.54,9700,1.1218434669379773,9700,12003.148156533087
2025-09-30 14:02:13,buy,1.54,9700,0.0,19400,12003.148156533087
2025-09-30 14:55:00,sell,1.54,19400,1.1218434669358235,0,12004.270000000022
2025-10-01 10:05:09,sell,1.53,5000,0.0,-5000,12004.270000000022
2025-10-01 10:05:09,sell,1.54,2016,0.0,-7016,12004.270000000022
2025-10-01 10:05:09,sell,1.55,2063,0.0,-9079,12004.270000000022
2025-10-01 10:05:09,sell,1.57,621,0.0,-9700,12004.270000000022
2025-10-01 10:06:06,buy,1.56,8946,-188.82515876288866,-754,11815.444841237133
2025-10-01 10:06:06,buy,1.56,754,-15.914841237113578,0,11799.530000000019
2025-10-01 10:31:01,buy,1.56,9700,0.0,9700,11799.530000000019
2025-10-01 10:58:00,sell,1.56,9700,0.0,0,11799.530000000019
2025-10-01 11:07:13,buy,1.57,9700,0.0,9700,11799.530000000019
2025-10-01 11:13:42,sell,1.59,1112,22.24000000000002,8588,11821.770000000019
2025-10-01 11:13:42,sell,1.59,5000,100.00000000000009,3588,11921.770000000019
2025-10-01 11:13:42,sell,1.59,1000,20.000000000000018,2588,11941.770000000019
2025-10-01 11:13:42,sell,1.59,2588,51.76000000000005,0,11993.530000000019
2025-10-01 11:16:40,buy,1.6,4709,0.0,4709,11993.530000000019
2025-10-01 11:16:40,buy,1.6,4991,0.0,9700,11993.530000000019
2025-10-01 11:20:32,sell,1.6,9700,0.0,0,11993.530000000019
2025-10-01 11:20:43,buy,1.59,9700,0.0,9700,11993.530000000019
2025-10-01 11:26:45,buy,1.59,5004,0.0,14704,11993.530000000019
2025-10-01 11:27:09,sell,1.59,5469,0.0,9235,11993.530000000019
2025-10-01 11:28:02,sell,1.59,9700,0.0,-465,11993.530000000019
2025-10-01 11:28:36,buy,1.59,5042,0.0,4577,11993.530000000019
2025-10-01 11:29:11,sell,1.6,9700,45.77000000000004,-5123,12039.30000000002
2025-10-01 11:39:55,sell,1.59,9700,0.0,-14823,12039.30000000002
2025-10-01 12:17:23,sell,1.58,3552,0.0,-18375,12039.30000000002
2025-10-01 12:21:48,sell,1.58,1025,0.0,-19400,12039.30000000002
2025-10-01 13:45:34,buy,1.58,4072,41.866037113402065,-15328,12081.166037113422
2025-10-01 14:04:36,sell,1.58,4072,0.0,-19400,12081.166037113422
2025-10-01 14:31:50,buy,1.58,9700,78.7969814432973,-9700,12159.96301855672
2025-10-01 14:55:00,buy,1.6,9700,-115.20301855670287,0,12044.760000000017
2025-10-02 10:04:27,sell,1.6,500,0.0,-500,12044.760000000017
2025-10-02 10:16:25,sell,1.59,7900,0.0,-8400,12044.760000000017
2025-10-02 10:20:30,buy,1.58,5078,53.80261904761908,-3322,12098.562619047636
2025-10-02 10:22:30,sell,1.58,5123,0.0,-8445,12098.562619047636
2025-10-02 11:15:28,sell,1.58,9700,0.0,-18145,12098.562619047636
2025-10-02 11:16:54,sell,1.58,1255,0.0,-19400,12098.562619047636
2025-10-02 11:48:08,buy,1.58,4687,8.50361466617712,-14713,12107.066233713813
2025-10-02 11:48:08,buy,1.58,5013,9.095075810016194,-9700,12116.16130952383
2025-10-02 11:59:21,sell,1.59,9700,0.0,-19400,12116.16130952383
2025-10-02 12:04:06,buy,1.59,9700,-39.70065476190339,-9700,12076.460654761926
2025-10-02 12:04:24,sell,1.59,876,0.0,-10576,12076.460654761926
2025-10-02 12:11:21,sell,1.59,8824,0.0,-19400,12076.460654761926
2025-10-02 12:30:40,buy,1.58,9700,77.14967261904839,-9700,12153.610327380975
2025-10-02 12:32:51,sell,1.58,9700,0.0,-19400,12153.610327380975
2025-10-02 14:55:00,buy,1.57,19400,271.1496726190464,0,12424.760000000022
2025-10-03 10:06:25,buy,1.57,9700,0.0,9700,12424.760000000022
2025-10-03 11:41:00,sell,1.57,9700,0.0,0,12424.760000000022
2025-10-03 11:51:37,buy,1.57,9187,0.0,9187,12424.760000000022
2025-10-03 11:51:37,buy,1.57,513,0.0,9700,12424.760000000022
2025-10-03 11:52:07,sell,1.57,1695,0.0,8005,12424.760000000022
2025-10-03 12:32:44,sell,1.57,9700,0.0,-1695,12424.760000000022
2025-10-03 13:00:05,buy,1.56,2609,16.950000000000014,914,12441.710000000023
2025-10-03 13:00:05,buy,1.56,5082,0.0,5996,12441.710000000023
2025-10-03 13:00:05,buy,1.56,2009,0.0,8005,12441.710000000023
2025-10-03 13:19:20,buy,1.55,2913,0.0,10918,12441.710000000023
2025-10-03 14:55:00,sell,1.56,10918,29.129999999999146,0,12470.840000000022
2025-10-06 10:43:40,sell,1.56,532,0.0,-532,12470.840000000022
2025-10-06 10:43:40,sell,1.56,5000,0.0,-5532,12470.840000000022
2025-10-06 10:43:40,sell,1.56,810,0.0,-6342,12470.840000000022
2025-10-06 10:43:40,sell,1.56,3358,0.0,-9700,12470.840000000022
2025-10-06 10:47:25,sell,1.58,1745,0.0,-11445,12470.840000000022
2025-10-06 10:47:25,sell,1.58,810,0.0,-12255,12470.840000000022
2025-10-06 10:47:25,sell,1.58,7145,0.0,-19400,12470.840000000022
2025-10-06 10:47:30,buy,1.57,4487,0.0,-14913,12470.840000000022
2025-10-06 10:47:30,buy,1.57,4425,0.0,-10488,12470.840000000022
2025-10-06 10:47:30,buy,1.57,788,0.0,-9700,12470.840000000022
2025-10-06 10:49:09,buy,1.56,9700,97.00000000000009,0,12567.840000000022
2025-10-06 10:49:30,sell,1.57,2427,0.0,-2427,12567.840000000022
2025-10-06 10:49:30,sell,1.57,223,0.0,-2650,12567.840000000022
2025-10-06 10:49:41,buy,1.56,9700,26.500000000000025,7050,12594.340000000022
2025-10-06 11:38:39,sell,1.56,1762,0.0,5288,12594.340000000022
2025-10-06 11:38:53,sell,1.56,7938,0.0,-2650,12594.340000000022
2025-10-06 13:03:45,sell,1.56,7362,0.0,-10012,12594.340000000022
2025-10-06 13:06:34,sell,1.56,4078,0.0,-14090,12594.340000000022
2025-10-06 13:06:34,sell,1.56,413,0.0,-14503,12594.340000000022
2025-10-06 13:10:38,sell,1.56,4897,0.0,-19400,12594.340000000022
2025-10-06 13:36:34,buy,1.55,9700,97.00000000000009,-9700,12691.340000000022
2025-10-06 13:37:34,sell,1.55,9026,0.0,-18726,12691.340000000022
2025-10-06 13:38:34,sell,1.55,674,0.0,-19400,12691.340000000022
2025-10-06 13:38:56,buy,1.54,5127,76.90500000000064,-14273,12768.245000000023
2025-10-06 13:38:56,buy,1.54,4573,68.59500000000057,-9700,12836.840000000024
2025-10-06 13:45:56,sell,1.54,9700,0.0,-19400,12836.840000000024
2025-10-06 13:58:06,buy,1.53,1894,33.14500000000014,-17506,12869.985000000024
2025-10-06 13:58:06,buy,1.53,3289,57.55750000000023,-14217,12927.542500000025
2025-10-06 13:58:06,buy,1.53,3300,57.750000000000234,-10917,12985.292500000025
2025-10-06 13:58:06,buy,1.53,1217,21.297500000000085,-9700,13006.590000000026
2025-10-06 14:55:00,buy,1.53,9700,169.75000000000068,0,13176.340000000026
2025-10-07 10:32:29,sell,1.54,6985,0.0,-6985,13176.340000000026
2025-10-07 10:32:46,sell,1.54,1654,0.0,-8639,13176.340000000026
2025-10-07 10:32:46,sell,1.54,1061,0.0,-9700,13176.340000000026
2025-10-07 11:10:51,buy,1.54,9700,0.0,0,13176.340000000026
2025-10-07 11:16:41,buy,1.54,9283,0.0,9283,13176.340000000026
2025-10-07 11:16:41,buy,1.54,417,0.0,9700,13176.340000000026
2025-10-07 11:47:23,sell,1.54,6267,0.0,3433,13176.340000000026
2025-10-07 11:51:57,sell,1.54,2870,0.0,563,13176.340000000026
2025-10-07 13:13:15,buy,1.53,592,0.0,1155,13176.340000000026
2025-10-07 13:43:20,buy,1.53,490,0.0,1645,13176.340000000026
2025-10-07 13:44:24,buy,1.53,1900,0.0,3545,13176.340000000026
2025-10-07 14:37:08,buy,1.53,9700,0.0,13245,13176.340000000026
2025-10-07 14:37:19,sell,1.53,3484,-1.480930162324908,9761,13174.859069837701
2025-10-07 14:37:19,sell,1.53,4309,-1.8316096640235444,5452,13173.027460173678
2025-10-07 14:37:19,sell,1.53,1907,-0.8106009815021813,3545,13172.216859192176
2025-10-07 14:55:00,sell,1.53,3545,-1.5068591921474739,0,13170.710000000028
2025-10-08 10:26:35,buy,1.54,9700,0.0,9700,13170.710000000028
2025-10-08 10:35:07,sell,1.54,9700,0.0,0,13170.710000000028
2025-10-08 10:37:06,buy,1.55,7286,0.0,7286,13170.710000000028
2025-10-08 10:37:06,buy,1.55,2414,0.0,9700,13170.710000000028
2025-10-08 10:43:11,buy,1.54,2563,0.0,12263,13170.710000000028
2025-10-08 10:43:33,buy,1.54,4481,0.0,16744,13170.710000000028
2025-10-08 10:43:39,sell,1.54,1947,-11.279204491161199,14797,13159.430795508866
2025-10-08 10:59:23,sell,1.54,2017,-11.684722885810034,12780,13147.746072623057
2025-10-08 11:41:22,sell,1.54,125,-0.7241399904443502,12655,13147.021932632611
2025-10-08 12:50:43,sell,1.54,125,-0.7241399904443502,12530,13146.297792642166
2025-10-08 12:51:59,sell,1.54,550,-3.186215957955141,11980,13143.11157668421
2025-10-08 13:03:03,sell,1.54,2498,-14.471213569039893,9482,13128.64036311517
2025-10-08 13:04:14,sell,1.54,4543,-26.31814381270946,4939,13102.32221930246
2025-10-08 13:26:38,sell,1.54,2843,-16.4698399426663,2096,13085.852379359792
2025-10-08 13:39:55,sell,1.54,125,-0.7241399904443502,1971,13085.128239369347
2025-10-08 13:41:04,sell,1.54,2469,-11.418239369326514,-498,13073.710000000021
2025-10-08 13:44:08,sell,1.54,4705,0.0,-5203,13073.710000000021
2025-10-08 13:44:08,sell,1.54,498,0.0,-5701,13073.710000000021
2025-10-08 13:51:05,sell,1.54,1843,0.0,-7544,13073.710000000021
2025-10-08 13:54:43,sell,1.54,9700,0.0,-17244,13073.710000000021
2025-10-08 14:55:01,buy,1.54,17244,0.0,0,13073.710000000021
2025-10-09 11:35:45,buy,1.54,9700,0.0,9700,13073.710000000021
2025-10-09 13:05:58,sell,1.55,2135,21.35000000000002,7565,13095.060000000021
2025-10-09 13:06:23,sell,1.55,2865,28.650000000000027,4700,13123.710000000021
2025-10-09 13:06:23,sell,1.55,4700,47.00000000000004,0,13170.710000000021
2025-10-09 13:19:25,buy,1.55,9700,0.0,9700,13170.710000000021
2025-10-09 14:55:00,sell,1.56,9700,97.00000000000009,0,13267.710000000021
2025-10-10 11:08:28,buy,1.56,3300,0.0,3300,13267.710000000021
2025-10-10 11:15:16,buy,1.56,1361,0.0,4661,13267.710000000021
2025-10-10 12:22:47,buy,1.56,2017,0.0,6678,13267.710000000021
2025-10-10 12:23:17,buy,1.56,2547,0.0,9225,13267.710000000021
2025-10-10 12:28:56,buy,1.56,3000,0.0,12225,13267.710000000021
2025-10-10 13:02:54,sell,1.57,7484,74.84000000000006,4741,13342.550000000021
2025-10-10 13:08:25,sell,1.57,3000,30.00000000000003,1741,13372.550000000021
2025-10-10 13:08:25,sell,1.57,2263,17.410000000000014,-522,13389.960000000021
2025-10-10 13:48:22,sell,1.57,175,0.0,-697,13389.960000000021
2025-10-10 14:02:39,buy,1.56,2017,6.969999999999851,1320,13396.93000000002
2025-10-10 14:24:30,buy,1.56,1123,0.0,2443,13396.93000000002
2025-10-10 14:42:25,buy,1.56,1980,0.0,4423,13396.93000000002
2025-10-10 14:42:41,sell,1.57,1648,16.480000000000015,2775,13413.41000000002
2025-10-10 14:42:41,sell,1.57,2000,20.000000000000018,775,13433.41000000002
2025-10-10 14:42:41,sell,1.57,6052,7.750000000000007,-5277,13441.16000000002
2025-10-10 14:55:00,buy,1.57,5277,0.0,0,13441.16000000002
2025-10-13 11:41:57,sell,1.56,1348,0.0,-1348,13441.16000000002
2025-10-13 11:41:57,sell,1.56,1348,0.0,-2696,13441.16000000002
2025-10-13 11:41:57,sell,1.56,6344,0.0,-9040,13441.16000000002
2025-10-13 11:41:57,sell,1.56,660,0.0,-9700,13441.16000000002
2025-10-13 14:14:10,buy,1.55,7017,70.17000000000006,-2683,13511.33000000002
2025-10-13 14:14:18,buy,1.55,2683,26.830000000000023,0,13538.16000000002
2025-10-13 14:19:12,buy,1.55,634,0.0,634,13538.16000000002
2025-10-13 14:19:29,buy,1.55,2000,0.0,2634,13538.16000000002
2025-10-13 14:24:49,buy,1.55,8000,0.0,10634,13538.16000000002
2025-10-13 14:44:55,sell,1.56,9700,97.00000000000009,934,13635.16000000002
2025-10-13 14:55:00,sell,1.56,934,9.340000000000009,0,13644.50000000002
2025-10-14 11:07:02,buy,1.54,1819,0.0,1819,13644.50000000002
2025-10-14 11:51:09,sell,1.54,2945,0.0,-1126,13644.50000000002
2025-10-14 12:39:00,sell,1.54,1233,0.0,-2359,13644.50000000002
2025-10-14 12:39:00,sell,1.54,1233,0.0,-3592,13644.50000000002
2025-10-14 12:39:00,sell,1.54,1233,0.0,-4825,13644.50000000002
2025-10-14 12:39:00,sell,1.54,1233,0.0,-6058,13644.50000000002
2025-10-14 12:39:00,sell,1.54,1233,0.0,-7291,13644.50000000002
2025-10-14 12:39:00,sell,1.54,335,0.0,-7626,13644.50000000002
2025-10-14 12:59:42,buy,1.53,1541,15.409999999999672,-6085,13659.91000000002
2025-10-14 12:59:42,buy,1.53,1595,15.94999999999966,-4490,13675.860000000019
2025-10-14 13:00:03,buy,1.53,265,2.6499999999999435,-4225,13678.510000000018
2025-10-14 13:02:50,buy,1.53,4621,42.2499999999991,396,13720.760000000018
2025-10-14 13:02:50,buy,1.53,5079,0.0,5475,13720.760000000018
2025-10-14 13:53:36,buy,1.53,2980,0.0,8455,13720.760000000018
2025-10-14 13:53:36,buy,1.53,6720,0.0,15175,13720.760000000018
2025-10-14 14:19:57,sell,1.54,135,1.3500000000000012,15040,13722.110000000019
2025-10-14 14:27:06,buy,1.53,4360,0.0,19400,13722.110000000019
2025-10-14 14:27:06,sell,1.54,36,0.3600000000000003,19364,13722.47000000002
2025-10-14 14:42:54,buy,1.53,36,0.0,19400,13722.47000000002
2025-10-14 14:44:15,sell,1.53,1790,-3.9745984281580604e-13,17610,13722.47000000002
2025-10-14 14:44:15,sell,1.53,3723,-8.266720641358916e-13,13887,13722.47000000002
2025-10-14 14:44:15,sell,1.53,2219,-4.927169783286445e-13,11668,13722.47000000002
2025-10-14 14:55:00,sell,1.54,11668,116.6799999999975,0,13839.150000000016
2025-10-15 12:12:29,sell,1.55,91,0.0,-91,13839.150000000016
2025-10-15 12:12:29,sell,1.55,5000,0.0,-5091,13839.150000000016
2025-10-15 13:39:38,buy,1.56,2215,-22.15000000000002,-2876,13817.000000000016
2025-10-15 13:46:55,buy,1.56,3000,-28.760000000000026,124,13788.240000000016
2025-10-15 13:52:58,buy,1.56,2426,0.0,2550,13788.240000000016
2025-10-15 13:54:10,buy,1.56,2017,0.0,4567,13788.240000000016
2025-10-15 13:58:50,buy,1.56,5000,0.0,9567,13788.240000000016
2025-10-15 14:24:47,buy,1.56,9700,0.0,19267,13788.240000000016
2025-10-15 14:55:00,sell,1.56,19267,0.0,0,13788.240000000016
2025-10-16 10:50:57,buy,1.55,3616,0.0,3616,13788.240000000016
2025-10-16 12:01:23,buy,1.55,2063,0.0,5679,13788.240000000016
2025-10-16 12:12:20,buy,1.55,8109,0.0,13788,13788.240000000016
2025-10-16 12:12:20,buy,1.55,1591,0.0,15379,13788.240000000016
2025-10-16 12:17:15,buy,1.55,4021,0.0,19400,13788.240000000016
2025-10-16 14:55:00,sell,1.55,19400,0.0,0,13788.240000000016
2025-10-17 10:40:18,sell,1.55,286,0.0,-286,13788.240000000016
2025-10-17 11:32:20,buy,1.54,1150,2.8600000000000025,864,13791.100000000017
2025-10-17 11:40:36,buy,1.54,1255,0.0,2119,13791.100000000017
2025-10-17 11:40:36,buy,1.54,4515,0.0,6634,13791.100000000017
2025-10-17 11:40:36,buy,1.54,3930,0.0,10564,13791.100000000017
2025-10-17 11:40:40,sell,1.54,7742,0.0,2822,13791.100000000017
2025-10-17 11:42:23,sell,1.54,252,0.0,2570,13791.100000000017
2025-10-17 11:42:23,sell,1.54,314,0.0,2256,13791.100000000017
2025-10-17 12:16:30,sell,1.54,4743,0.0,-2487,13791.100000000017
2025-10-17 12:38:05,sell,1.54,4158,0.0,-6645,13791.100000000017
2025-10-17 12:41:10,sell,1.54,252,0.0,-6897,13791.100000000017
2025-10-17 12:41:10,sell,1.54,314,0.0,-7211,13791.100000000017
2025-10-17 12:52:58,sell,1.54,8993,0.0,-16204,13791.100000000017
2025-10-17 12:53:10,sell,1.54,707,0.0,-16911,13791.100000000017
2025-10-17 13:58:27,sell,1.54,475,0.0,-17386,13791.100000000017
2025-10-17 14:55:00,buy,1.55,17386,-173.86000000000402,0,13617.240000000013
2025-10-20 11:10:44,buy,1.53,855,0.0,855,13617.240000000013
2025-10-20 12:01:39,buy,1.53,1017,0.0,1872,13617.240000000013
2025-10-20 12:13:06,sell,1.54,1457,14.570000000000013,415,13631.810000000012
2025-10-20 12:13:06,sell,1.54,1777,4.150000000000004,-1362,13635.960000000012
2025-10-20 12:13:06,sell,1.54,1778,0.0,-3140,13635.960000000012
2025-10-20 12:13:06,sell,1.54,1779,0.0,-4919,13635.960000000012
2025-10-20 12:13:06,sell,1.54,1203,0.0,-6122,13635.960000000012
2025-10-20 12:13:06,sell,1.54,1706,0.0,-7828,13635.960000000012
2025-10-20 13:54:48,buy,1.54,9700,0.0,1872,13635.960000000012
2025-10-20 14:55:00,sell,1.55,1872,18.720000000000017,0,13654.680000000011
2025-10-21 13:29:03,sell,1.55,5872,0.0,-5872,13654.680000000011
2025-10-21 13:29:03,sell,1.55,3828,0.0,-9700,13654.680000000011
2025-10-21 13:29:42,buy,1.55,9700,0.0,0,13654.680000000011
2025-10-21 13:32:15,buy,1.55,4514,0.0,4514,13654.680000000011
2025-10-21 13:32:15,buy,1.55,4460,0.0,8974,13654.680000000011
2025-10-21 13:55:51,sell,1.55,18,0.0,8956,13654.680000000011
2025-10-21 13:55:51,sell,1.55,9682,0.0,-726,13654.680000000011
2025-10-21 13:56:39,sell,1.55,3505,0.0,-4231,13654.680000000011
2025-10-21 14:04:48,sell,1.55,4743,0.0,-8974,13654.680000000011
2025-10-21 14:10:10,sell,1.55,4392,0.0,-13366,13654.680000000011
2025-10-21 14:12:20,sell,1.55,4927,0.0,-18293,13654.680000000011
2025-10-21 14:14:54,sell,1.55,1107,0.0,-19400,13654.680000000011
2025-10-21 14:55:00,buy,1.55,19400,0.0,0,13654.680000000011
2025-10-22 10:00:47,sell,1.54,1685,0.0,-1685,13654.680000000011
2025-10-22 11:16:43,buy,1.54,389,0.0,-1296,13654.680000000011
2025-10-22 11:40:49,buy,1.54,392,0.0,-904,13654.680000000011
2025-10-22 11:40:49,buy,1.54,4008,0.0,3104,13654.680000000011
2025-10-22 12:16:10,buy,1.54,721,0.0,3825,13654.680000000011
2025-10-22 12:16:10,buy,1.54,8979,0.0,12804,13654.680000000011
2025-10-22 12:58:16,buy,1.54,6596,0.0,19400,13654.680000000011
2025-10-22 14:42:14,sell,1.53,1985,-19.85000000000002,17415,13634.83000000001
2025-10-22 14:55:00,sell,1.53,17415,-174.15000000000015,0,13460.680000000011
2025-10-23 10:07:33,sell,1.53,2017,0.0,-2017,13460.680000000011
2025-10-23 10:07:33,sell,1.53,7683,0.0,-9700,13460.680000000011
2025-10-23 10:14:57,buy,1.53,903,0.0,-8797,13460.680000000011
2025-10-23 11:15:23,buy,1.53,2299,0.0,-6498,13460.680000000011
2025-10-23 11:32:05,buy,1.53,39,0.0,-6459,13460.680000000011
2025-10-23 11:32:15,buy,1.53,80,0.0,-6379,13460.680000000011
2025-10-23 11:32:28,buy,1.53,289,0.0,-6090,13460.680000000011
2025-10-23 11:32:39,buy,1.53,65,0.0,-6025,13460.680000000011
2025-10-23 11:32:47,buy,1.53,219,0.0,-5806,13460.680000000011
2025-10-23 11:33:09,buy,1.53,283,0.0,-5523,13460.680000000011
2025-10-23 11:33:16,buy,1.53,19,0.0,-5504,13460.680000000011
2025-10-23 12:05:16,buy,1.53,9700,0.0,4196,13460.680000000011
2025-10-23 12:25:15,sell,1.53,1511,0.0,2685,13460.680000000011
2025-10-23 12:25:15,sell,1.53,8189,0.0,-5504,13460.680000000011
2025-10-23 14:09:58,sell,1.54,1017,0.0,-6521,13460.680000000011
2025-10-23 14:10:05,buy,1.52,314,3.6297071001380505,-6207,13464.309707100148
2025-10-23 14:10:08,sell,1.54,6160,0.0,-12367,13464.309707100148
2025-10-23 14:10:09,sell,1.54,1983,0.0,-14350,13464.309707100148
2025-10-23 14:10:09,sell,1.54,540,0.0,-14890,13464.309707100148
2025-10-23 14:10:09,buy,1.52,5000,82.40775449961713,-9890,13546.717461599766
2025-10-23 14:10:09,buy,1.51,4386,116.14808224706418,-5504,13662.86554384683
2025-10-23 14:55:00,buy,1.55,5504,-74.40554384682162,0,13588.460000000008
2025-10-24 13:43:31,buy,1.54,9700,0.0,9700,13588.460000000008
2025-10-24 13:43:58,sell,1.57,881,26.430000000000025,8819,13614.890000000009
2025-10-24 13:43:58,sell,1.57,2156,64.68000000000006,6663,13679.570000000009
2025-10-24 13:49:57,sell,1.55,9700,66.63000000000005,-3037,13746.200000000008
2025-10-24 14:37:32,buy,1.55,726,0.0,-2311,13746.200000000008
2025-10-24 14:55:00,buy,1.56,2311,-23.11000000000002,0,13723.090000000007
